BOLOTNO,55.6667,84.4,2022/05/01,13.1,4.7,0,55,2.1
BOLOTNO,55.6667,84.4,2022/05/02,14.6,4.6,0.4,67,2.6
BOLOTNO,55.6667,84.4,2022/05/03,10.4,0.3,0,72,2.6
BOLOTNO,55.6667,84.4,2022/05/04,13.6,-4.2,0,55,1.8
BOLOTNO,55.6667,84.4,2022/05/05,16.2,-1.1,0,41,1.3
BOLOTNO,55.6667,84.4,2022/05/06,20.7,-1.5,0,44,1.4
BOLOTNO,55.6667,84.4,2022/05/07,9.3,5.9,0,25,5
BOLOTNO,55.6667,84.4,2022/05/08,9.5,-1.8,0,40,3
BOLOTNO,55.6667,84.4,2022/05/09,13.5,0.3,0,57,1.3
BOLOTNO,55.6667,84.4,2022/05/10,16.5,-2.4,0,52,0.8
BOLOTNO,55.6667,84.4,2022/05/11,18.5,1.7,0,31,2.9
BOLOTNO,55.6667,84.4,2022/05/12,23.9,3.5,0,32,1.4
BOLOTNO,55.6667,84.4,2022/05/13,26.8,3.3,0,32,0.9
BOLOTNO,55.6667,84.4,2022/05/14,28.6,6.1,0,41,1.6
BOLOTNO,55.6667,84.4,2022/05/15,28.8,12,0,47,1.8
BOLOTNO,55.6667,84.4,2022/05/16,26.2,12.5,0,70,2.5
BOLOTNO,55.6667,84.4,2022/05/17,30.1,11.4,0,55,2.8
BOLOTNO,55.6667,84.4,2022/05/18,25.4,15,0,39,1.8
BOLOTNO,55.6667,84.4,2022/05/19,28.3,10.5,1,65,0.9
BOLOTNO,55.6667,84.4,2022/05/20,22,11.6,0,65,2.9
BOLOTNO,55.6667,84.4,2022/05/21,23.2,11,0,46,1.8
BOLOTNO,55.6667,84.4,2022/05/22,30.1,9.4,0,71,2.4
BOLOTNO,55.6667,84.4,2022/05/23,21,13,0,57,2.4
BOLOTNO,55.6667,84.4,2022/05/24,25.8,4.2,0,68,1.1
BOLOTNO,55.6667,84.4,2022/05/25,28.3,12.5,0,47,1.6
BOLOTNO,55.6667,84.4,2022/05/26,24.6,15.1,0,55,1.6
BOLOTNO,55.6667,84.4,2022/05/27,24.2,9.9,0,49,1.5
BOLOTNO,55.6667,84.4,2022/05/28,24.7,9.3,0,53,1.3
BOLOTNO,55.6667,84.4,2022/05/29,21.7,9.8,1,65,0.8
BOLOTNO,55.6667,84.4,2022/05/30,24,10.7,0,70,2.9
BOLOTNO,55.6667,84.4,2022/05/31,20.8,7.9,0,55,1.9
BOLOTNO,55.6667,84.4,2022/06/01,19.5,12.3,4,83,2.3
BOLOTNO,55.6667,84.4,2022/06/02,11.9,8,7,95,2.6
BOLOTNO,55.6667,84.4,2022/06/03,10.4,3.5,0.4,71,2.5
BOLOTNO,55.6667,84.4,2022/06/04,9.6,-0.8,0,75,1
BOLOTNO,55.6667,84.4,2022/06/05,14.2,3.8,0,68,1.4
BOLOTNO,55.6667,84.4,2022/06/06,14.9,3.5,0,80,2.1
BOLOTNO,55.6667,84.4,2022/06/07,18.7,4.8,0,72,1.5
BOLOTNO,55.6667,84.4,2022/06/08,17.3,6.6,6,97,1.1
BOLOTNO,55.6667,84.4,2022/06/09,21.2,3.1,0,79,2
BOLOTNO,55.6667,84.4,2022/06/10,27.4,11.2,0,53,2.1
BOLOTNO,55.6667,84.4,2022/06/11,31.8,10.4,0,58,1.3
BOLOTNO,55.6667,84.4,2022/06/12,28.4,14.9,0,63,1.8
BOLOTNO,55.6667,84.4,2022/06/13,30.5,15.8,0,60,1.8
BOLOTNO,55.6667,84.4,2022/06/14,30.2,14.7,0,74,1.4
BOLOTNO,55.6667,84.4,2022/06/15,23.9,14.8,11,92,2
BOLOTNO,55.6667,84.4,2022/06/16,20.6,11.8,0,90,1.5
BOLOTNO,55.6667,84.4,2022/06/17,19.8,11.3,4,86,1.9
BOLOTNO,55.6667,84.4,2022/06/18,20.2,13.3,9,96,2.3
BOLOTNO,55.6667,84.4,2022/06/19,23.4,13.5,7,94,1.3
BOLOTNO,55.6667,84.4,2022/06/20,23.4,10.6,6,99,0.5
BOLOTNO,55.6667,84.4,2022/06/21,25.1,10.8,0.6,97,1.1
BOLOTNO,55.6667,84.4,2022/06/22,25.5,13.9,0,79,1.6
BOLOTNO,55.6667,84.4,2022/06/23,25.4,13.7,15,78,2.3
BOLOTNO,55.6667,84.4,2022/06/24,24.8,11.8,2.4,94,1.6
BOLOTNO,55.6667,84.4,2022/06/25,28.1,16.5,0,75,1.8
BOLOTNO,55.6667,84.4,2022/06/26,30.5,17.1,6,86,2.3
BOLOTNO,55.6667,84.4,2022/06/27,26,16.7,0,85,2.3
BOLOTNO,55.6667,84.4,2022/06/28,20,11.5,14,91,2.9
BOLOTNO,55.6667,84.4,2022/06/29,24.5,13.5,0,77,2.3
BOLOTNO,55.6667,84.4,2022/06/30,19.4,12.5,4,69,4.4
BOLOTNO,55.6667,84.4,2022/07/01,18.9,9.6,0,71,2.5
BOLOTNO,55.6667,84.4,2022/07/02,17.8,12.3,5,78,2.1
BOLOTNO,55.6667,84.4,2022/07/03,21.5,11.8,1.2,89,1.5
BOLOTNO,55.6667,84.4,2022/07/04,22.8,10.4,0.5,83,1.3
BOLOTNO,55.6667,84.4,2022/07/05,27.8,12.8,0,85,1.4
BOLOTNO,55.6667,84.4,2022/07/06,20.9,14.7,7,82,1.5
BOLOTNO,55.6667,84.4,2022/07/07,25.5,13.6,0,90,1.8
BOLOTNO,55.6667,84.4,2022/07/08,26.3,12,0,86,0.9
BOLOTNO,55.6667,84.4,2022/07/09,27,14,0,81,0.8
BOLOTNO,55.6667,84.4,2022/07/10,29.3,15,0,70,1.4
BOLOTNO,55.6667,84.4,2022/07/11,26.2,18.3,0,82,1
BOLOTNO,55.6667,84.4,2022/07/12,25,13,0,71,0.6
BOLOTNO,55.6667,84.4,2022/07/13,19,10.4,0,82,1.5
BOLOTNO,55.6667,84.4,2022/07/14,20.8,9,0,75,1.1
BOLOTNO,55.6667,84.4,2022/07/15,22.6,11,0,74,1.4
BOLOTNO,55.6667,84.4,2022/07/16,23.2,9.6,0,79,0.5
BOLOTNO,55.6667,84.4,2022/07/17,22.1,10.2,0.4,90,1.6

BOLOTNO,55.6667,84.4,2022/01,-9.8,-18.3,14.9,79,1.8
BOLOTNO,55.6667,84.4,2022/02,-6,-14.7,21.9,73.6,2
BOLOTNO,55.6667,84.4,2022/03,-2.9,-11.9,21.9,65.6,2.6
BOLOTNO,55.6667,84.4,2022/04,11.2,-0.3,11.7,54.8,2.2