CHANI,55.2833,76.6,2022/05/01,12.3,4.5,0,63,6.4
CHANI,55.2833,76.6,2022/05/02,13.7,2.3,0,57,5.6
CHANI,55.2833,76.6,2022/05/03,12,-0.9,0,62,5.5
CHANI,55.2833,76.6,2022/05/04,16.2,-2.3,0,59,1.3
CHANI,55.2833,76.6,2022/05/05,18.8,5.8,0,34,2.5
CHANI,55.2833,76.6,2022/05/06,23,7.9,0,34,4.6
CHANI,55.2833,76.6,2022/05/07,8.2,1.9,0,45,10
CHANI,55.2833,76.6,2022/05/08,15.5,-2,0,50,3.8
CHANI,55.2833,76.6,2022/05/09,20.7,5.1,0,52,1.3
CHANI,55.2833,76.6,2022/05/10,19.9,3,0,60,2.6
CHANI,55.2833,76.6,2022/05/11,19.6,3.5,0,43,3.3
CHANI,55.2833,76.6,2022/05/12,24.1,7.4,0,33,1.8
CHANI,55.2833,76.6,2022/05/13,23.7,6.5,0,59,1.4
CHANI,55.2833,76.6,2022/05/14,26.9,6.7,0,43,2.8
CHANI,55.2833,76.6,2022/05/15,24.2,9.5,0,58,3.4
CHANI,55.2833,76.6,2022/05/16,26.3,8.6,0,63,3.3
CHANI,55.2833,76.6,2022/05/17,25.9,14,0,70,4.5
CHANI,55.2833,76.6,2022/05/18,24.1,10,0.9,60,3
CHANI,55.2833,76.6,2022/05/19,21,12.8,9.8,68,3.6
CHANI,55.2833,76.6,2022/05/20,20.2,9.3,0,46,5.4
CHANI,55.2833,76.6,2022/05/21,29.9,5.7,0,77,3.1
CHANI,55.2833,76.6,2022/05/22,29.7,18.4,0.3,29,4.6
CHANI,55.2833,76.6,2022/05/23,20.5,6.6,0.3,66,4.4
CHANI,55.2833,76.6,2022/05/24,27.6,12.9,0,35,2.9
CHANI,55.2833,76.6,2022/05/25,28.5,8.4,0,69,2.5
CHANI,55.2833,76.6,2022/05/26,28.5,9.9,0,72,3.6
CHANI,55.2833,76.6,2022/05/27,26.9,11.5,0,62,4
CHANI,55.2833,76.6,2022/05/28,20.9,11.1,0,61,4.5
CHANI,55.2833,76.6,2022/05/29,25,13.4,0,66,3.3
CHANI,55.2833,76.6,2022/05/30,23.7,13.7,0,46,5.4
CHANI,55.2833,76.6,2022/05/31,18.9,12.6,2,58,2
CHANI,55.2833,76.6,2022/06/01,13.2,8.5,5.6,83,4.3
CHANI,55.2833,76.6,2022/06/02,15.3,3.4,0,81,4.8
CHANI,55.2833,76.6,2022/06/03,12.4,4.3,0,67,3
CHANI,55.2833,76.6,2022/06/04,13.3,-0.1,0,73,3.3
CHANI,55.2833,76.6,2022/06/05,12,0.7,0,67,3.6
CHANI,55.2833,76.6,2022/06/06,18.7,-1.1,0,78,1.6
CHANI,55.2833,76.6,2022/06/07,23.5,9.8,0,46,2.6
CHANI,55.2833,76.6,2022/06/08,18,10.6,2.7,63,3.5
CHANI,55.2833,76.6,2022/06/09,18.3,14.8,0.5,60,5.3
CHANI,55.2833,76.6,2022/06/10,26.3,10,0,68,4.1
CHANI,55.2833,76.6,2022/06/11,30.7,17,0,55,3.4
CHANI,55.2833,76.6,2022/06/12,27.8,12.7,0,47,4
CHANI,55.2833,76.6,2022/06/13,28.7,13.9,0,50,2.4
CHANI,55.2833,76.6,2022/06/14,26.5,12.1,2,76,2.5
CHANI,55.2833,76.6,2022/06/15,18.9,11.3,0.3,88,4
CHANI,55.2833,76.6,2022/06/16,20.9,12.2,0,80,3.6
CHANI,55.2833,76.6,2022/06/17,18.6,12.2,4,69,3.3
CHANI,55.2833,76.6,2022/06/18,24,9.2,0,83,3.9
CHANI,55.2833,76.6,2022/06/19,24.4,14.2,0,82,3.4
CHANI,55.2833,76.6,2022/06/20,29.2,10.7,0,80,1.3
CHANI,55.2833,76.6,2022/06/21,26.9,17.5,0,60,3.5
CHANI,55.2833,76.6,2022/06/22,25.3,12.7,0.3,70,5.1
CHANI,55.2833,76.6,2022/06/23,22.2,14.8,2.7,60,4.6
CHANI,55.2833,76.6,2022/06/24,29,13.4,0,80,3.4
CHANI,55.2833,76.6,2022/06/25,28.2,18.1,0,65,3.1
CHANI,55.2833,76.6,2022/06/26,25.6,16.5,4,86,3
CHANI,55.2833,76.6,2022/06/27,19,12.6,3,75,4.1
CHANI,55.2833,76.6,2022/06/28,18.2,11.3,0,70,4.3
CHANI,55.2833,76.6,2022/06/29,23.4,12.8,5.4,69,3.4
CHANI,55.2833,76.6,2022/06/30,13.1,8.7,6,84,7.1
CHANI,55.2833,76.6,2022/07/01,13.2,9.9,0.3,78,5.8
CHANI,55.2833,76.6,2022/07/02,21.2,11.1,0,87,5.4
CHANI,55.2833,76.6,2022/07/03,20.7,7.3,0,78,1.9
CHANI,55.2833,76.6,2022/07/04,23.2,5.6,0.8,85,2
CHANI,55.2833,76.6,2022/07/05,22.8,14.7,1,74,4
CHANI,55.2833,76.6,2022/07/06,23.5,12.8,10,92,2
CHANI,55.2833,76.6,2022/07/07,25.6,13.4,9,91,1.9
CHANI,55.2833,76.6,2022/07/08,26.5,10.7,0,90,3.3
CHANI,55.2833,76.6,2022/07/09,27.7,12.2,0,77,3.3
CHANI,55.2833,76.6,2022/07/10,29.7,12.1,0,80,3.1
CHANI,55.2833,76.6,2022/07/11,29.6,15.5,0,76,3.6
CHANI,55.2833,76.6,2022/07/12,27,11.4,0,74,3
CHANI,55.2833,76.6,2022/07/13,22.2,9.3,1,72,2.3
CHANI,55.2833,76.6,2022/07/14,24.1,9.6,0,90,1.8
CHANI,55.2833,76.6,2022/07/15,18.9,15.3,4,90,2.8
CHANI,55.2833,76.6,2022/07/16,25.5,8.4,0,87,1.5
CHANI,55.2833,76.6,2022/07/17,23.2,8.9,0,76,3.3

CHANI,55.2833,76.6,2022/01,-10.5,-19,12,78.3,3
CHANI,55.2833,76.6,2022/02,-8.2,-17.2,14.8,75.5,3.2
CHANI,55.2833,76.6,2022/03,-4.3,-14.9,14.6,70.1,3.8
CHANI,55.2833,76.6,2022/04,13.1,0.3,9.6,54,3.3