CHEREPAN,54.3,83.3167,2022/05/01,23.9,10.1,0,22,2.9
CHEREPAN,54.3,83.3167,2022/05/02,20.2,12.6,2,49,5
CHEREPAN,54.3,83.3167,2022/05/03,11.8,1.9,0,74,3.9
CHEREPAN,54.3,83.3167,2022/05/04,13,-1.3,0,43,1.5
CHEREPAN,54.3,83.3167,2022/05/05,16.5,0.7,0,30,1.8
CHEREPAN,54.3,83.3167,2022/05/06,21.5,6.6,0,20,2.3
CHEREPAN,54.3,83.3167,2022/05/07,10.5,6.5,0,28,6.6
CHEREPAN,54.3,83.3167,2022/05/08,9.7,-3.4,0,44,4.5
CHEREPAN,54.3,83.3167,2022/05/09,12.8,-1.7,0,82,1.8
CHEREPAN,54.3,83.3167,2022/05/10,16.2,2.1,0,38,3
CHEREPAN,54.3,83.3167,2022/05/11,18.5,1.7,0,28,3.6
CHEREPAN,54.3,83.3167,2022/05/12,22.8,3.6,0,21,2.1
CHEREPAN,54.3,83.3167,2022/05/13,25.6,7.1,0,26,1.5
CHEREPAN,54.3,83.3167,2022/05/14,27.9,11.2,0,25,3.1
CHEREPAN,54.3,83.3167,2022/05/15,25.2,14.8,0,43,3.3
CHEREPAN,54.3,83.3167,2022/05/16,24.8,11.6,4,88,4.1
CHEREPAN,54.3,83.3167,2022/05/17,28.5,13.7,0,58,3.3
CHEREPAN,54.3,83.3167,2022/05/18,24.4,16,0,36,2.5
CHEREPAN,54.3,83.3167,2022/05/19,28.5,15.1,0,51,3.3
CHEREPAN,54.3,83.3167,2022/05/20,22.4,9.6,0,43,5.3
CHEREPAN,54.3,83.3167,2022/05/21,26.9,13.2,0,41,3.1
CHEREPAN,54.3,83.3167,2022/05/22,26.8,14.7,0,40,3.1
CHEREPAN,54.3,83.3167,2022/05/23,20.2,10.3,0,59,4.6
CHEREPAN,54.3,83.3167,2022/05/24,24.7,6.8,0,58,2.4
CHEREPAN,54.3,83.3167,2022/05/25,25.8,12,0,41,3.8
CHEREPAN,54.3,83.3167,2022/05/26,26.5,14.6,0,48,3.6
CHEREPAN,54.3,83.3167,2022/05/27,24.6,10.1,0,48,3.3
CHEREPAN,54.3,83.3167,2022/05/28,25.9,9.5,0,46,1.9
CHEREPAN,54.3,83.3167,2022/05/29,19.3,11.7,1,56,2.5
CHEREPAN,54.3,83.3167,2022/05/30,26.1,10.6,0.8,77,5.1
CHEREPAN,54.3,83.3167,2022/05/31,25.7,9.3,0,53,2.6
CHEREPAN,54.3,83.3167,2022/06/01,20,12,4.3,83,3.3
CHEREPAN,54.3,83.3167,2022/06/02,11.9,7.6,10,92,4.8
CHEREPAN,54.3,83.3167,2022/06/03,11.8,2.4,0,78,2.9
CHEREPAN,54.3,83.3167,2022/06/04,10.6,2.7,0,69,2.5
CHEREPAN,54.3,83.3167,2022/06/05,11.8,1.4,0,69,2
CHEREPAN,54.3,83.3167,2022/06/06,14.5,4.6,0.3,76,3.1
CHEREPAN,54.3,83.3167,2022/06/07,19.6,5.6,0,62,2
CHEREPAN,54.3,83.3167,2022/06/08,17.9,7.4,2,86,2.8
CHEREPAN,54.3,83.3167,2022/06/09,20.2,7.9,0,60,2.9
CHEREPAN,54.3,83.3167,2022/06/10,27.9,12.3,0,41,2.6
CHEREPAN,54.3,83.3167,2022/06/11,30.1,12.9,0,51,2.5
CHEREPAN,54.3,83.3167,2022/06/12,27.7,15.6,0,61,3.1
CHEREPAN,54.3,83.3167,2022/06/13,30.7,17.3,0,48,2.8
CHEREPAN,54.3,83.3167,2022/06/14,30.5,18.6,1,54,2.3
CHEREPAN,54.3,83.3167,2022/06/15,23.3,14.8,0,75,3.8
CHEREPAN,54.3,83.3167,2022/06/16,19.2,12.2,9,80,2.1
CHEREPAN,54.3,83.3167,2022/06/17,19.8,11.8,7,90,2.8
CHEREPAN,54.3,83.3167,2022/06/18,20.4,12.4,7,90,3.4
CHEREPAN,54.3,83.3167,2022/06/19,19.3,11.6,7,92,1.9
CHEREPAN,54.3,83.3167,2022/06/20,21.6,10.9,7,92,1
CHEREPAN,54.3,83.3167,2022/06/21,24.5,10.6,0,93,1.3
CHEREPAN,54.3,83.3167,2022/06/22,25,16.9,0,72,3.5
CHEREPAN,54.3,83.3167,2022/06/23,25.9,15.4,1,77,2.9
CHEREPAN,54.3,83.3167,2022/06/24,23.7,12.5,9,92,3.1
CHEREPAN,54.3,83.3167,2022/06/25,29.1,15.5,0,77,2.9
CHEREPAN,54.3,83.3167,2022/06/26,32.5,18.8,0.3,75,3
CHEREPAN,54.3,83.3167,2022/06/27,22.3,16,27,75,2.4
CHEREPAN,54.3,83.3167,2022/06/28,18.3,11.5,4,88,4
CHEREPAN,54.3,83.3167,2022/06/29,25.1,10.8,0,86,3.4
CHEREPAN,54.3,83.3167,2022/06/30,18,10,5,73,5
CHEREPAN,54.3,83.3167,2022/07/01,19,8.4,0,70,3.6
CHEREPAN,54.3,83.3167,2022/07/02,18.7,11.7,0.7,74,3.4
CHEREPAN,54.3,83.3167,2022/07/03,19.7,9.7,5,90,2.6
CHEREPAN,54.3,83.3167,2022/07/04,23.1,8.7,0,90,1.4
CHEREPAN,54.3,83.3167,2022/07/05,24.9,11,0.3,80,2.4
CHEREPAN,54.3,83.3167,2022/07/06,18.4,13.4,15,92,2.3
CHEREPAN,54.3,83.3167,2022/07/07,23.7,13.5,0,95,2
CHEREPAN,54.3,83.3167,2022/07/08,24.4,11.4,0,88,1.9
CHEREPAN,54.3,83.3167,2022/07/09,25.8,13,0,78,2.5
CHEREPAN,54.3,83.3167,2022/07/10,26.7,14.9,0,70,2.8
CHEREPAN,54.3,83.3167,2022/07/11,28.3,16.2,4,75,1.9
CHEREPAN,54.3,83.3167,2022/07/12,24.5,13.1,0,67,3.5
CHEREPAN,54.3,83.3167,2022/07/13,19.1,11.2,0,70,2.8
CHEREPAN,54.3,83.3167,2022/07/14,21.2,6.5,0,81,1.3
CHEREPAN,54.3,83.3167,2022/07/15,21.5,12.5,0,69,2
CHEREPAN,54.3,83.3167,2022/07/16,23.8,9.5,0,80,0.9
CHEREPAN,54.3,83.3167,2022/07/17,24.4,12.5,0,75,2

CHEREPAN,54.3,83.3167,2022/01,-10,-17.3,13,82.6,2.9
CHEREPAN,54.3,83.3167,2022/02,-6.9,-14.1,11,76.8,3.4
CHEREPAN,54.3,83.3167,2022/03,-3.4,-12.1,18.5,71.4,4.2
CHEREPAN,54.3,83.3167,2022/04,11.1,0.6,11.9,54.4,3.2