DOVOLNO,54.5167,79.6833,2022/05/01,17.1,6,0,52,4.8
DOVOLNO,54.5167,79.6833,2022/05/02,14,4.5,0,62,5.3
DOVOLNO,54.5167,79.6833,2022/05/03,10.9,2.2,0,56,4.5
DOVOLNO,54.5167,79.6833,2022/05/04,15.8,-0.9,0,49,1.9
DOVOLNO,54.5167,79.6833,2022/05/05,17.9,-0.6,0,46,1.4
DOVOLNO,54.5167,79.6833,2022/05/06,22.6,8.6,0,31,4.4
DOVOLNO,54.5167,79.6833,2022/05/07,9.9,3.1,0,37,8.5
DOVOLNO,54.5167,79.6833,2022/05/08,13.1,-2.9,0,46,4
DOVOLNO,54.5167,79.6833,2022/05/09,17.4,4.8,0,60,2.4
DOVOLNO,54.5167,79.6833,2022/05/10,18.6,2.2,0,52,2.5
DOVOLNO,54.5167,79.6833,2022/05/11,19.3,5,0,25,2.6
DOVOLNO,54.5167,79.6833,2022/05/12,23.9,5.5,0,26,1.6
DOVOLNO,54.5167,79.6833,2022/05/13,25.4,4.4,0,37,1.5
DOVOLNO,54.5167,79.6833,2022/05/14,27.4,7.2,0,42,1.1
DOVOLNO,54.5167,79.6833,2022/05/15,24.5,10.2,1,52,2.6
DOVOLNO,54.5167,79.6833,2022/05/16,27,9.4,0,56,2.3
DOVOLNO,54.5167,79.6833,2022/05/17,30.1,10.9,3,88,4.5
DOVOLNO,54.5167,79.6833,2022/05/18,23.2,12.4,0,52,1.9
DOVOLNO,54.5167,79.6833,2022/05/19,24.5,12.4,0.9,69,3.9
DOVOLNO,54.5167,79.6833,2022/05/20,22.1,10.8,0,43,4.4
DOVOLNO,54.5167,79.6833,2022/05/21,29.4,8.1,0,52,3.1
DOVOLNO,54.5167,79.6833,2022/05/22,27.6,15.8,0,37,3.1
DOVOLNO,54.5167,79.6833,2022/05/23,20.5,6.2,0.3,59,4.1
DOVOLNO,54.5167,79.6833,2022/05/24,25.9,6.1,0,57,1.6
DOVOLNO,54.5167,79.6833,2022/05/25,27.5,10.7,0,59,3
DOVOLNO,54.5167,79.6833,2022/05/26,27.5,13.5,0,58,3
DOVOLNO,54.5167,79.6833,2022/05/27,26.6,11.5,0,52,2.9
DOVOLNO,54.5167,79.6833,2022/05/28,24.5,11.6,0,50,2.6
DOVOLNO,54.5167,79.6833,2022/05/29,24.2,12.4,0,64,2.6
DOVOLNO,54.5167,79.6833,2022/05/30,26,12.7,0,59,4.9
DOVOLNO,54.5167,79.6833,2022/05/31,26.3,8.8,0,58,2.1
DOVOLNO,54.5167,79.6833,2022/06/01,16.9,8.8,11.4,90,2.8
DOVOLNO,54.5167,79.6833,2022/06/02,13.5,6.4,9,86,6
DOVOLNO,54.5167,79.6833,2022/06/03,10.1,4.7,0,74,2.6
DOVOLNO,54.5167,79.6833,2022/06/04,11.6,-2,0,71,3.3
DOVOLNO,54.5167,79.6833,2022/06/05,15.4,-0.8,0,70,2.6
DOVOLNO,54.5167,79.6833,2022/06/06,17,-1.5,0,74,2.3
DOVOLNO,54.5167,79.6833,2022/06/07,21.7,3.3,0,66,1.5
DOVOLNO,54.5167,79.6833,2022/06/08,21.2,6.3,0,80,2.5
DOVOLNO,54.5167,79.6833,2022/06/09,21.4,12.1,1,51,4.4
DOVOLNO,54.5167,79.6833,2022/06/10,30.5,15,0,49,2.9
DOVOLNO,54.5167,79.6833,2022/06/11,31.5,16.4,0.3,49,3.3
DOVOLNO,54.5167,79.6833,2022/06/12,27.9,12.9,0,48,3.5
DOVOLNO,54.5167,79.6833,2022/06/13,30.9,15.1,0,47,1.9
DOVOLNO,54.5167,79.6833,2022/06/14,25.8,17.3,0,51,3
DOVOLNO,54.5167,79.6833,2022/06/15,20.4,11.8,0.7,74,3.3
DOVOLNO,54.5167,79.6833,2022/06/16,21.4,10.2,0.3,82,2.8
DOVOLNO,54.5167,79.6833,2022/06/17,16.5,13.3,9,88,2.8
DOVOLNO,54.5167,79.6833,2022/06/18,20.9,11.6,4,86,3.4
DOVOLNO,54.5167,79.6833,2022/06/19,21.6,12,6,91,1.5
DOVOLNO,54.5167,79.6833,2022/06/20,26,10.2,0,86,1.3
DOVOLNO,54.5167,79.6833,2022/06/21,26.2,13.2,0,80,2.9
DOVOLNO,54.5167,79.6833,2022/06/22,25.1,16.6,4.9,73,2.9
DOVOLNO,54.5167,79.6833,2022/06/23,26.4,11.8,3,91,3.9
DOVOLNO,54.5167,79.6833,2022/06/24,26.3,13.6,0,76,4
DOVOLNO,54.5167,79.6833,2022/06/25,29.6,15.3,0,70,3
DOVOLNO,54.5167,79.6833,2022/06/26,30.3,17.6,2,76,4.9
DOVOLNO,54.5167,79.6833,2022/06/27,22,14.7,0.4,78,2.5
DOVOLNO,54.5167,79.6833,2022/06/28,17.5,11.1,0,70,4.1
DOVOLNO,54.5167,79.6833,2022/06/29,29.4,9.8,0.3,78,4.9
DOVOLNO,54.5167,79.6833,2022/06/30,18.7,9,0,73,6.1
DOVOLNO,54.5167,79.6833,2022/07/01,17.4,11.7,0,63,4.3
DOVOLNO,54.5167,79.6833,2022/07/02,21.7,11.8,0,82,4.6
DOVOLNO,54.5167,79.6833,2022/07/03,21.4,11.3,2.3,77,1.8
DOVOLNO,54.5167,79.6833,2022/07/04,24.7,8,0,74,1.5
DOVOLNO,54.5167,79.6833,2022/07/05,23.1,16.8,0.3,58,2.8
DOVOLNO,54.5167,79.6833,2022/07/06,22.8,10.8,14,94,2.3
DOVOLNO,54.5167,79.6833,2022/07/07,23.9,11.9,0,88,2
DOVOLNO,54.5167,79.6833,2022/07/08,25.6,11.5,0,92,2.6
DOVOLNO,54.5167,79.6833,2022/07/09,27.7,12.4,0,70,3.1
DOVOLNO,54.5167,79.6833,2022/07/10,29.1,12.8,0,72,2.6
DOVOLNO,54.5167,79.6833,2022/07/11,30,15.9,0,82,3.4
DOVOLNO,54.5167,79.6833,2022/07/12,26.9,12,0,66,4.5
DOVOLNO,54.5167,79.6833,2022/07/13,21.3,9.3,0,66,3.5
DOVOLNO,54.5167,79.6833,2022/07/14,24,6,0,81,1.6
DOVOLNO,54.5167,79.6833,2022/07/15,18.9,12.6,7.3,73,3.5
DOVOLNO,54.5167,79.6833,2022/07/16,25.2,8.6,0,89,1.4
DOVOLNO,54.5167,79.6833,2022/07/17,24.6,10.1,0,79,2.9

DOVOLNO,54.5167,79.6833,2022/01,-10,-18.5,8.7,79.4,2.8
DOVOLNO,54.5167,79.6833,2022/02,-7.4,-16.7,11.1,76.2,3.1
DOVOLNO,54.5167,79.6833,2022/03,-4.1,-12.9,9.6,70,4.2
DOVOLNO,54.5167,79.6833,2022/04,12.8,0.1,8.2,51.9,3.3