ISKITIM,54.65,83.2667,2022/05/01,22.7,8.6,0,53,2.3
ISKITIM,54.65,83.2667,2022/05/02,20.7,10.6,3.4,58,4.4
ISKITIM,54.65,83.2667,2022/05/03,12.3,-2.2,0,81,3.4
ISKITIM,54.65,83.2667,2022/05/04,15.8,-5.8,0,68,1.4
ISKITIM,54.65,83.2667,2022/05/05,18.5,-3.6,0,58,1.9
ISKITIM,54.65,83.2667,2022/05/06,24.4,-1,0,63,2.1
ISKITIM,54.65,83.2667,2022/05/07,12.2,6.4,0,26,7
ISKITIM,54.65,83.2667,2022/05/08,11.4,-1.7,0,41,4.4
ISKITIM,54.65,83.2667,2022/05/09,15.1,-3.6,0,81,1.5
ISKITIM,54.65,83.2667,2022/05/10,18.6,-4.2,0,72,2.5
ISKITIM,54.65,83.2667,2022/05/11,21.1,-2.2,0,26,2.9
ISKITIM,54.65,83.2667,2022/05/12,24.5,-1.3,0,55,1.4
ISKITIM,54.65,83.2667,2022/05/13,29.3,-1.2,0,65,1.8
ISKITIM,54.65,83.2667,2022/05/14,30.8,4.2,0,69,2.1
ISKITIM,54.65,83.2667,2022/05/15,28.9,11.3,0,51,2.1
ISKITIM,54.65,83.2667,2022/05/16,27.7,12.4,0.3,81,2.9
ISKITIM,54.65,83.2667,2022/05/17,32.5,12.9,0,63,3.1
ISKITIM,54.65,83.2667,2022/05/18,26.9,14,0,43,1.6
ISKITIM,54.65,83.2667,2022/05/19,31.6,12.5,1,67,1.9
ISKITIM,54.65,83.2667,2022/05/20,25.3,8.6,0,55,4.1
ISKITIM,54.65,83.2667,2022/05/21,29.9,13,0,42,2.4
ISKITIM,54.65,83.2667,2022/05/22,31.4,12.4,0,60,2.5
ISKITIM,54.65,83.2667,2022/05/23,23.1,11.9,0,53,4.1
ISKITIM,54.65,83.2667,2022/05/24,27.5,2.8,0,75,1.8
ISKITIM,54.65,83.2667,2022/05/25,29.3,11.4,0,47,2.5
ISKITIM,54.65,83.2667,2022/05/26,28.7,14.4,0,60,2.9
ISKITIM,54.65,83.2667,2022/05/27,27.5,6.6,0,57,2.3
ISKITIM,54.65,83.2667,2022/05/28,28.1,7.1,0,61,1.8
ISKITIM,54.65,83.2667,2022/05/29,20,7.8,2,76,1.8
ISKITIM,54.65,83.2667,2022/05/30,27.8,8.9,0,78,4
ISKITIM,54.65,83.2667,2022/05/31,28,6.5,0,64,1.8
ISKITIM,54.65,83.2667,2022/06/01,22.7,13.6,11,85,2.8
ISKITIM,54.65,83.2667,2022/06/02,13.9,9.3,9,93,4.9
ISKITIM,54.65,83.2667,2022/06/03,12.4,2.4,0,76,2.8
ISKITIM,54.65,83.2667,2022/06/04,12.7,2.5,0,54,2.6
ISKITIM,54.65,83.2667,2022/06/05,14.7,-0.4,0,76,1.5
ISKITIM,54.65,83.2667,2022/06/06,16.5,5.1,0.5,72,3.3
ISKITIM,54.65,83.2667,2022/06/07,22.5,2.3,0,76,1.5
ISKITIM,54.65,83.2667,2022/06/08,20,5.6,3,95,1.9
ISKITIM,54.65,83.2667,2022/06/09,23.6,5.2,0,60,3.4
ISKITIM,54.65,83.2667,2022/06/10,31.6,7,0,60,1.8
ISKITIM,54.65,83.2667,2022/06/11,33.9,10.1,0,65,1.6
ISKITIM,54.65,83.2667,2022/06/12,31,14.3,0,57,2
ISKITIM,54.65,83.2667,2022/06/13,34,15.4,0,56,2
ISKITIM,54.65,83.2667,2022/06/14,32.7,14.8,0,61,1.8
ISKITIM,54.65,83.2667,2022/06/15,25.5,14.6,0.3,86,3.1
ISKITIM,54.65,83.2667,2022/06/16,23.3,11.3,0.9,87,1.9
ISKITIM,54.65,83.2667,2022/06/17,22.1,11,6,92,2.6
ISKITIM,54.65,83.2667,2022/06/18,23.9,14.8,3.3,88,3.5
ISKITIM,54.65,83.2667,2022/06/19,23.8,13.1,6.5,93,1.1
ISKITIM,54.65,83.2667,2022/06/20,25.9,13,20,93,1.3
ISKITIM,54.65,83.2667,2022/06/21,28.2,10.6,0,97,1.4
ISKITIM,54.65,83.2667,2022/06/22,27.8,19.1,0,71,2.5
ISKITIM,54.65,83.2667,2022/06/23,27.5,16.2,9,66,2.5
ISKITIM,54.65,83.2667,2022/06/24,26.4,13.8,8,95,2.9
ISKITIM,54.65,83.2667,2022/06/25,31.7,16.1,2,85,2.3
ISKITIM,54.65,83.2667,2022/06/26,35.3,18.5,0.3,85,2.9
ISKITIM,54.65,83.2667,2022/06/27,26.3,15.5,5,84,2.1
ISKITIM,54.65,83.2667,2022/06/28,20.8,13.2,2,90,3.1
ISKITIM,54.65,83.2667,2022/06/29,28.2,10.3,0,87,2.9
ISKITIM,54.65,83.2667,2022/06/30,20.6,11.6,6,61,5
ISKITIM,54.65,83.2667,2022/07/01,19.4,8.4,0,71,2.5
ISKITIM,54.65,83.2667,2022/07/02,21.7,13.8,0.8,77,2.9
ISKITIM,54.65,83.2667,2022/07/03,22.8,8.5,3,89,2
ISKITIM,54.65,83.2667,2022/07/04,26.1,7.6,0,93,1.3
ISKITIM,54.65,83.2667,2022/07/05,28,11.2,0,76,1.8
ISKITIM,54.65,83.2667,2022/07/06,22.7,15.7,14,95,2
ISKITIM,54.65,83.2667,2022/07/07,26.2,12.6,0.3,95,1.3
ISKITIM,54.65,83.2667,2022/07/08,27.2,11.9,0,90,1.5
ISKITIM,54.65,83.2667,2022/07/09,29.3,10.9,0,85,2.1
ISKITIM,54.65,83.2667,2022/07/10,30.6,12.9,0,79,2
ISKITIM,54.65,83.2667,2022/07/11,30.9,15,0,89,2
ISKITIM,54.65,83.2667,2022/07/12,27.9,13,1,69,2.6
ISKITIM,54.65,83.2667,2022/07/13,22.1,13.1,0,72,2.6
ISKITIM,54.65,83.2667,2022/07/14,23.7,5.3,0,85,1.4
ISKITIM,54.65,83.2667,2022/07/15,25.3,13.4,0,75,1.3
ISKITIM,54.65,83.2667,2022/07/16,27.4,7,0,84,0.9
ISKITIM,54.65,83.2667,2022/07/17,26.9,9.2,0,82,2.9

ISKITIM,54.65,83.2667,2022/01,-9.8,-21.9,9.8,81.5,2
ISKITIM,54.65,83.2667,2022/02,-6.3,-19.5,12.1,79,2.3
ISKITIM,54.65,83.2667,2022/03,-2.6,-14.2,10.7,72.9,3.3
ISKITIM,54.65,83.2667,2022/04,13.2,-1.6,24.1,62.4,2.4