KARASUK,53.7333,78.0167,2022/05/01,19.3,8.3,0,49,4.8
KARASUK,53.7333,78.0167,2022/05/02,15.3,6.7,0,56,4
KARASUK,53.7333,78.0167,2022/05/03,12.2,3.3,0,52,3.8
KARASUK,53.7333,78.0167,2022/05/04,15.8,-1.6,0,49,1.4
KARASUK,53.7333,78.0167,2022/05/05,18.2,2.4,0,46,1.3
KARASUK,53.7333,78.0167,2022/05/06,23.9,9.2,0,30,4.6
KARASUK,53.7333,78.0167,2022/05/07,11.3,3.5,0,34,5.3
KARASUK,53.7333,78.0167,2022/05/08,17,-3.8,0,54,2.8
KARASUK,53.7333,78.0167,2022/05/09,20.4,6.7,0,49,1.4
KARASUK,53.7333,78.0167,2022/05/10,19.5,6.6,0,46,3.5
KARASUK,53.7333,78.0167,2022/05/11,20.1,5.9,0,23,3.5
KARASUK,53.7333,78.0167,2022/05/12,24.6,6.4,0,38,1.3
KARASUK,53.7333,78.0167,2022/05/13,26.4,8.9,0,43,0.6
KARASUK,53.7333,78.0167,2022/05/14,26.5,8.7,0,50,2.8
KARASUK,53.7333,78.0167,2022/05/15,25.6,11.7,0,49,3.4
KARASUK,53.7333,78.0167,2022/05/16,27.8,8.3,0.3,59,3
KARASUK,53.7333,78.0167,2022/05/17,30.5,14.1,0,65,4.6
KARASUK,53.7333,78.0167,2022/05/18,22.5,11.9,0,40,1.6
KARASUK,53.7333,78.0167,2022/05/19,25.1,14.8,3,67,3.9
KARASUK,53.7333,78.0167,2022/05/20,21.9,10.1,0,45,4.9
KARASUK,53.7333,78.0167,2022/05/21,30.8,7.8,0,56,3.5
KARASUK,53.7333,78.0167,2022/05/22,30.9,17.7,0,30,5.5
KARASUK,53.7333,78.0167,2022/05/23,21.8,6.1,0,43,4
KARASUK,53.7333,78.0167,2022/05/24,27.3,8.4,0,44,2.4
KARASUK,53.7333,78.0167,2022/05/25,28.9,15.3,0,44,4
KARASUK,53.7333,78.0167,2022/05/26,30.9,15.6,0,44,4.3
KARASUK,53.7333,78.0167,2022/05/27,31.4,15.4,0,48,3
KARASUK,53.7333,78.0167,2022/05/28,22.9,15.5,0,43,2.4
KARASUK,53.7333,78.0167,2022/05/29,25.8,13.7,0.4,52,3
KARASUK,53.7333,78.0167,2022/05/30,28.5,14.5,0,44,3.6
KARASUK,53.7333,78.0167,2022/05/31,26.7,12,9,51,2
KARASUK,53.7333,78.0167,2022/06/01,13.8,11.3,4,83,5.3
KARASUK,53.7333,78.0167,2022/06/02,16.8,8.2,5,74,3.6
KARASUK,53.7333,78.0167,2022/06/03,12.4,3.9,0.6,69,2.6
KARASUK,53.7333,78.0167,2022/06/04,14.8,2.4,0,61,2.1
KARASUK,53.7333,78.0167,2022/06/05,15.3,7.4,0,56,2.5
KARASUK,53.7333,78.0167,2022/06/06,18.6,4.2,0,67,1.6
KARASUK,53.7333,78.0167,2022/06/07,24.5,8.9,0,53,2.9
KARASUK,53.7333,78.0167,2022/06/08,23.5,10.8,0,53,3.8
KARASUK,53.7333,78.0167,2022/06/09,27.3,16.7,0,39,5
KARASUK,53.7333,78.0167,2022/06/10,30.7,17.2,0.7,29,3.8
KARASUK,53.7333,78.0167,2022/06/11,33,17.5,2,63,3.6
KARASUK,53.7333,78.0167,2022/06/12,29.7,11.7,0,50,3.8
KARASUK,53.7333,78.0167,2022/06/13,32.3,15.3,0,52,2.8
KARASUK,53.7333,78.0167,2022/06/14,26.3,15.1,3,51,3.5
KARASUK,53.7333,78.0167,2022/06/15,21.8,10.1,0,76,2.5
KARASUK,53.7333,78.0167,2022/06/16,24.6,10.7,0,69,2.9
KARASUK,53.7333,78.0167,2022/06/17,20.7,12.3,0.6,62,2
KARASUK,53.7333,78.0167,2022/06/18,24.7,14.6,0,67,1.9
KARASUK,53.7333,78.0167,2022/06/19,23.8,10.7,2,74,1.5
KARASUK,53.7333,78.0167,2022/06/20,27.8,11.1,0,78,1.3
KARASUK,53.7333,78.0167,2022/06/21,29.1,15.4,0,64,4
KARASUK,53.7333,78.0167,2022/06/22,28.6,15.3,14,70,4.4
KARASUK,53.7333,78.0167,2022/06/23,28.1,13.7,0,61,3.5
KARASUK,53.7333,78.0167,2022/06/24,30.1,12.4,0,67,1.9
KARASUK,53.7333,78.0167,2022/06/25,32.6,16.1,0,63,2.4
KARASUK,53.7333,78.0167,2022/06/26,30.3,18.8,0,64,4.4
KARASUK,53.7333,78.0167,2022/06/27,23.2,16.1,0,59,2.1
KARASUK,53.7333,78.0167,2022/06/28,21.4,9.6,0,59,3.8
KARASUK,53.7333,78.0167,2022/06/29,30.6,12.8,0.6,61,4.1
KARASUK,53.7333,78.0167,2022/06/30,19.1,8.7,0,63,6.6
KARASUK,53.7333,78.0167,2022/07/01,19.3,9.6,0,56,3.6
KARASUK,53.7333,78.0167,2022/07/02,23.5,12.7,0.8,71,2.9
KARASUK,53.7333,78.0167,2022/07/03,23.5,11,0,73,1.9
KARASUK,53.7333,78.0167,2022/07/04,24.9,11.8,0,68,2.8
KARASUK,53.7333,78.0167,2022/07/05,24,20,0.8,44,4.3
KARASUK,53.7333,78.0167,2022/07/06,22.5,14.9,2,81,3.3
KARASUK,53.7333,78.0167,2022/07/07,27.8,11.2,0,74,2.4
KARASUK,53.7333,78.0167,2022/07/08,27.4,16.4,0,69,4.5
KARASUK,53.7333,78.0167,2022/07/09,29,16.7,0,55,4.5
KARASUK,53.7333,78.0167,2022/07/10,30.3,17.1,0,57,3.8
KARASUK,53.7333,78.0167,2022/07/11,32.5,19.8,0,58,3.9
KARASUK,53.7333,78.0167,2022/07/12,28.5,15.9,0,50,4.1
KARASUK,53.7333,78.0167,2022/07/13,24.7,14.9,0,51,2.5
KARASUK,53.7333,78.0167,2022/07/14,25.2,14.9,0.6,76,1.5
KARASUK,53.7333,78.0167,2022/07/15,22.9,16.8,2,72,2.5
KARASUK,53.7333,78.0167,2022/07/16,25.9,15.6,0,80,1.9
KARASUK,53.7333,78.0167,2022/07/17,26.6,16.5,0,64,3.3

KARASUK,53.7333,78.0167,2022/01,-10.5,-19.8,9.9,77.8,2.7
KARASUK,53.7333,78.0167,2022/02,-7.5,-17.4,9.4,76.1,3
KARASUK,53.7333,78.0167,2022/03,-4.2,-13,9.9,71.6,4.4
KARASUK,53.7333,78.0167,2022/04,14.6,0.6,9.7,52.8,2.9