KICHTOV,56.6,76.5667,2022/05/01,6.9,0.2,0,63,4.1						01.05.2022
KICHTOV,56.6,76.5667,2022/05/02,13.1,0.5,1,60,4.6						02.05.2022
KICHTOV,56.6,76.5667,2022/05/03,11.3,-0.8,0,69,6						03.05.2022
KICHTOV,56.6,76.5667,2022/05/04,16,-5.8,0,74,1.9						04.05.2022
KICHTOV,56.6,76.5667,2022/05/05,17.3,-0.8,0,46,1.8						05.05.2022
KICHTOV,56.6,76.5667,2022/05/06,21.2,-0.2,0,45,3.6						06.05.2022
KICHTOV,56.6,76.5667,2022/05/07,8,0.3,0,55,9.6						07.05.2022
KICHTOV,56.6,76.5667,2022/05/08,11.7,-4.5,0.3,48,1.9						08.05.2022
KICHTOV,56.6,76.5667,2022/05/09,19.7,-0.4,0,80,1.5						09.05.2022
KICHTOV,56.6,76.5667,2022/05/10,20.8,2.8,0,64,1.8						10.05.2022
KICHTOV,56.6,76.5667,2022/05/11,20.2,2.8,0,44,2.6						11.05.2022
KICHTOV,56.6,76.5667,2022/05/12,23.4,8.1,0,27,1.8						12.05.2022
KICHTOV,56.6,76.5667,2022/05/13,23.3,3.2,0,61,0.6						13.05.2022
KICHTOV,56.6,76.5667,2022/05/14,26.7,4.5,0,63,2.5						14.05.2022
KICHTOV,56.6,76.5667,2022/05/15,22.9,7.7,0,62,3						15.05.2022
KICHTOV,56.6,76.5667,2022/05/16,24.7,3.2,0,72,2.1						16.05.2022
KICHTOV,56.6,76.5667,2022/05/17,23.8,9.8,5,86,3.8						17.05.2022
KICHTOV,56.6,76.5667,2022/05/18,23.8,6.8,0,52,2.4						18.05.2022
KICHTOV,56.6,76.5667,2022/05/19,19.5,12,11,63,2.6						19.05.2022
KICHTOV,56.6,76.5667,2022/05/20,20,9.4,0.3,48,4.9						20.05.2022
KICHTOV,56.6,76.5667,2022/05/21,23.5,0.3,5,82,2.1						21.05.2022
KICHTOV,56.6,76.5667,2022/05/22,29.7,12.8,0,60,4						22.05.2022
KICHTOV,56.6,76.5667,2022/05/23,17.8,7.1,1.5,79,3.5						23.05.2022
KICHTOV,56.6,76.5667,2022/05/24,26.8,13.7,0,39,2.5						24.05.2022
KICHTOV,56.6,76.5667,2022/05/25,28.8,7.2,0,83,1						25.05.2022
KICHTOV,56.6,76.5667,2022/05/26,27,14.1,0,68,2.4						26.05.2022
KICHTOV,56.6,76.5667,2022/05/27,25.2,11,0,58,3						27.05.2022
KICHTOV,56.6,76.5667,2022/05/28,21.9,11.2,0,62,3.4						28.05.2022
KICHTOV,56.6,76.5667,2022/05/29,24.6,4.8,0,82,1.1						29.05.2022
KICHTOV,56.6,76.5667,2022/05/30,22,9.9,0,63,4.3						30.05.2022
KICHTOV,56.6,76.5667,2022/05/31,17,7.9,1,69,1.4						31.05.2022
KICHTOV,56.6,76.5667,2022/06/01,15.8,8.8,19.7,91,3.8						01.06.2022
KICHTOV,56.6,76.5667,2022/06/02,14.4,3.7,1,70,4						02.06.2022
KICHTOV,56.6,76.5667,2022/06/03,11.1,-0.7,0,53,2.6						03.06.2022
KICHTOV,56.6,76.5667,2022/06/04,9.8,-0.3,0,65,3.6						04.06.2022
KICHTOV,56.6,76.5667,2022/06/05,9.0,1.2,0.8,76,2.9						05.06.2022
KICHTOV,56.6,76.5667,2022/06/06,17.5,-3.5,0,79,1.4						06.06.2022
KICHTOV,56.6,76.5667,2022/06/07,20.6,2.5,0,75,1.5						07.06.2022
KICHTOV,56.6,76.5667,2022/06/08,19.7,7,0,58,2.9						08.06.2022
KICHTOV,56.6,76.5667,2022/06/09,19.8,11.1,3.6,64,4.1						09.06.2022
KICHTOV,56.6,76.5667,2022/06/10,22.9,12.5,0,55,2.4						10.06.2022
KICHTOV,56.6,76.5667,2022/06/11,26.8,15.4,21.3,71,1.9						11.06.2022
KICHTOV,56.6,76.5667,2022/06/12,23.9,8.4,8,85,2						12.06.2022
KICHTOV,56.6,76.5667,2022/06/13,24.4,8.3,0,79,1.9						13.06.2022
KICHTOV,56.6,76.5667,2022/06/14,22.2,10,1.5,90,1.1						14.06.2022
KICHTOV,56.6,76.5667,2022/06/15,16.1,13.2,14,87,3.5						15.06.2022
KICHTOV,56.6,76.5667,2022/06/16,20,12.4,0,85,3						16.06.2022
KICHTOV,56.6,76.5667,2022/06/17,18.6,12.8,2,74,4.1						17.06.2022
KICHTOV,56.6,76.5667,2022/06/18,22.7,10.4,0,84,2.8						18.06.2022
KICHTOV,56.6,76.5667,2022/06/19,24.8,14.6,0.4,87,2						19.06.2022
KICHTOV,56.6,76.5667,2022/06/20,28.6,10,0,83,0.5						20.06.2022
KICHTOV,56.6,76.5667,2022/06/21,26.1,11.6,0.8,83,2						21.06.2022
KICHTOV,56.6,76.5667,2022/06/22,21.1,13.7,1,74,3						22.06.2022
KICHTOV,56.6,76.5667,2022/06/23,22.3,13.6,4,81,2.4						23.06.2022
KICHTOV,56.6,76.5667,2022/06/24,27.3,12.1,0.3,88,2.8						24.06.2022
KICHTOV,56.6,76.5667,2022/06/25,24.1,14.1,0,85,2.3						25.06.2022
KICHTOV,56.6,76.5667,2022/06/26,24.4,15,10,90,2						26.06.2022
KICHTOV,56.6,76.5667,2022/06/27,18.1,9.8,0,79,2.9						27.06.2022
KICHTOV,56.6,76.5667,2022/06/28,16.8,11.1,2,84,3.8						28.06.2022
KICHTOV,56.6,76.5667,2022/06/29,15,11.1,6.5,77,1.8						29.06.2022
KICHTOV,56.6,76.5667,2022/06/30,13.9,9.1,32,91,5						30.06.2022
KICHTOV,56.6,76.5667,2022/07/01,13.4,9.4,6,91,4.4						01.07.2022
KICHTOV,56.6,76.5667,2022/07/02,18.7,12.3,1.7,86,3.9						02.07.2022
KICHTOV,56.6,76.5667,2022/07/03,20,5.3,0.6,89,1.3						03.07.2022
KICHTOV,56.6,76.5667,2022/07/04,22.9,6,0,85,0.8						04.07.2022
KICHTOV,56.6,76.5667,2022/07/05,22.6,14.2,2,82,2.4						05.07.2022
KICHTOV,56.6,76.5667,2022/07/06,24.9,14.3,11,88,2.6						06.07.2022
KICHTOV,56.6,76.5667,2022/07/07,26,14.7,0,82,1.8						07.07.2022
KICHTOV,56.6,76.5667,2022/07/08,26.9,10.5,0,73,1.4						08.07.2022
KICHTOV,56.6,76.5667,2022/07/09,28.6,13.8,0,76,1.6						09.07.2022
KICHTOV,56.6,76.5667,2022/07/10,30.8,11.4,0,84,1						10.07.2022
KICHTOV,56.6,76.5667,2022/07/11,27.7,18.5,0,81,2.4						11.07.2022
KICHTOV,56.6,76.5667,2022/07/12,25.2,10.8,0,76,2.4						12.07.2022
KICHTOV,56.6,76.5667,2022/07/13,18.6,8.4,2,72,1.3						13.07.2022
KICHTOV,56.6,76.5667,2022/07/14,21.5,5.9,0.6,88,1.5						14.07.2022
KICHTOV,56.6,76.5667,2022/07/15,22.5,12.1,11,91,1.6						15.07.2022
KICHTOV,56.6,76.5667,2022/07/16,24.4,9.9,0,86,0.5						16.07.2022
KICHTOV,56.6,76.5667,2022/07/17,22.6,13,0.5,78,2.6						17.07.2022
						
KICHTOV,56.6,76.5667,2022/01,-10.1,-20,19.9,78.7,2.2						
KICHTOV,56.6,76.5667,2022/02,-6.5,-16.3,7.9,72.9,2.5						
KICHTOV,56.6,76.5667,2022/03,-3.1,-15.5,13.5,65.8,3.1						
KICHTOV,56.6,76.5667,2022/04,12.3,-1.3,22,53,3						
