KOCHENE,55.0333,82.2333,2022/05/01,14.6,4.9,0,48,4.1
KOCHENE,55.0333,82.2333,2022/05/02,13.3,6.1,0.3,56,3.6
KOCHENE,55.0333,82.2333,2022/05/03,10.2,4.1,0,50,3.5
KOCHENE,55.0333,82.2333,2022/05/04,15.3,-2.3,0,39,1.6
KOCHENE,55.0333,82.2333,2022/05/05,16.9,-0.3,0,35,1.6
KOCHENE,55.0333,82.2333,2022/05/06,22.8,3,0,39,2.1
KOCHENE,55.0333,82.2333,2022/05/07,9.4,3.9,0,28,6.8
KOCHENE,55.0333,82.2333,2022/05/08,9.5,-1.9,0,37,3
KOCHENE,55.0333,82.2333,2022/05/09,14.2,-3.4,0,74,0.8
KOCHENE,55.0333,82.2333,2022/05/10,18.3,-0.3,0,52,1.4
KOCHENE,55.0333,82.2333,2022/05/11,19.4,2.1,0,42,1.5
KOCHENE,55.0333,82.2333,2022/05/12,23.7,4.5,0,23,1.4
KOCHENE,55.0333,82.2333,2022/05/13,27.1,5.4,0,25,1.1
KOCHENE,55.0333,82.2333,2022/05/14,27.3,7.1,0,34,1.4
KOCHENE,55.0333,82.2333,2022/05/15,22.8,12.4,0,32,1.8
KOCHENE,55.0333,82.2333,2022/05/16,26.3,11.6,0,77,2.5
KOCHENE,55.0333,82.2333,2022/05/17,30.5,14.2,0,55,3.1
KOCHENE,55.0333,82.2333,2022/05/18,24.7,16.1,0,37,2.1
KOCHENE,55.0333,82.2333,2022/05/19,26.7,13,4,52,1
KOCHENE,55.0333,82.2333,2022/05/20,23.5,10.6,0,47,2.9
KOCHENE,55.0333,82.2333,2022/05/21,28.4,12.9,0,42,2.4
KOCHENE,55.0333,82.2333,2022/05/22,29.6,12.3,0,44,1.3
KOCHENE,55.0333,82.2333,2022/05/23,21.7,9.9,0,49,3.8
KOCHENE,55.0333,82.2333,2022/05/24,25.9,6,0,55,1
KOCHENE,55.0333,82.2333,2022/05/25,27.3,11.1,0,40,2.6
KOCHENE,55.0333,82.2333,2022/05/26,26.1,17,0,40,3
KOCHENE,55.0333,82.2333,2022/05/27,25.7,11.3,0,42,2.4
KOCHENE,55.0333,82.2333,2022/05/28,26.7,9.9,0.9,50,0.5
KOCHENE,55.0333,82.2333,2022/05/29,20.6,12.1,0,55,1.5
KOCHENE,55.0333,82.2333,2022/05/30,24.9,12.3,0,54,3.4
KOCHENE,55.0333,82.2333,2022/05/31,24.8,11.9,0.4,47,1.4
KOCHENE,55.0333,82.2333,2022/06/01,18.8,11.8,32,77,2.1
KOCHENE,55.0333,82.2333,2022/06/02,11.6,7.9,24,91,4.3
KOCHENE,55.0333,82.2333,2022/06/03,12.1,6.3,0,63,2.4
KOCHENE,55.0333,82.2333,2022/06/04,10.0,-0.4,0,58,2.4
KOCHENE,55.0333,82.2333,2022/06/05,14.1,2.8,0,58,1.4
KOCHENE,55.0333,82.2333,2022/06/06,16,2.4,0.7,73,2.8
KOCHENE,55.0333,82.2333,2022/06/07,20.8,6.5,0,60,2
KOCHENE,55.0333,82.2333,2022/06/08,18.3,6.5,5,90,1.5
KOCHENE,55.0333,82.2333,2022/06/09,22.7,7.5,0,64,0.9
KOCHENE,55.0333,82.2333,2022/06/10,29.5,9.4,0,57,0.5
KOCHENE,55.0333,82.2333,2022/06/11,30.2,13.3,0,51,1.3
KOCHENE,55.0333,82.2333,2022/06/12,27.8,16.3,0,47,2
KOCHENE,55.0333,82.2333,2022/06/13,30.1,18.9,0,40,1.8
KOCHENE,55.0333,82.2333,2022/06/14,28.5,16.3,0,57,1.5
KOCHENE,55.0333,82.2333,2022/06/15,22.3,14.9,1.3,71,3
KOCHENE,55.0333,82.2333,2022/06/16,21.3,12.4,1,76,2.3
KOCHENE,55.0333,82.2333,2022/06/17,18.5,12.3,0.3,83,2.5
KOCHENE,55.0333,82.2333,2022/06/18,20.1,13.6,0.7,84,3
KOCHENE,55.0333,82.2333,2022/06/19,22.9,14,0.3,86,1.6
KOCHENE,55.0333,82.2333,2022/06/20,25.2,12.9,0,73,1.3
KOCHENE,55.0333,82.2333,2022/06/21,27.4,12.7,0,79,0.8
KOCHENE,55.0333,82.2333,2022/06/22,25.7,17.4,1,66,1.9
KOCHENE,55.0333,82.2333,2022/06/23,25.8,14.4,9,82,2.1
KOCHENE,55.0333,82.2333,2022/06/24,24.6,14,0,82,2.6
KOCHENE,55.0333,82.2333,2022/06/25,30.1,17,0,67,2
KOCHENE,55.0333,82.2333,2022/06/26,32.8,18,2.7,69,2.4
KOCHENE,55.0333,82.2333,2022/06/27,25.4,16.9,3,78,1.4
KOCHENE,55.0333,82.2333,2022/06/28,19.9,11.7,3,78,3.5
KOCHENE,55.0333,82.2333,2022/06/29,27.4,10.5,0,75,1.5
KOCHENE,55.0333,82.2333,2022/06/30,19.7,10.1,1,71,3.5
KOCHENE,55.0333,82.2333,2022/07/01,17.6,10,0,62,2.4
KOCHENE,55.0333,82.2333,2022/07/02,20,11.9,0,75,3.5
KOCHENE,55.0333,82.2333,2022/07/03,21.4,11.1,0.3,69,1.5
KOCHENE,55.0333,82.2333,2022/07/04,24.7,9,0,74,0.8
KOCHENE,55.0333,82.2333,2022/07/05,26.7,13.4,0,67,1
KOCHENE,55.0333,82.2333,2022/07/06,21.1,14.6,7.5,91,1
KOCHENE,55.0333,82.2333,2022/07/07,24.7,11.2,0.5,89,1.4
KOCHENE,55.0333,82.2333,2022/07/08,25.5,13.4,0,84,1.9
KOCHENE,55.0333,82.2333,2022/07/09,27.1,14,0,67,2.3
KOCHENE,55.0333,82.2333,2022/07/10,28.9,14.9,0,66,2.1
KOCHENE,55.0333,82.2333,2022/07/11,27.8,17,0,73,2
KOCHENE,55.0333,82.2333,2022/07/12,25.7,13,0.3,61,2.6
KOCHENE,55.0333,82.2333,2022/07/13,19.6,10.2,0,70,2.4
KOCHENE,55.0333,82.2333,2022/07/14,23.7,9.4,0,69,1.1
KOCHENE,55.0333,82.2333,2022/07/15,23.6,13.3,0.8,62,1
KOCHENE,55.0333,82.2333,2022/07/16,24.9,9.8,0,71,0.8
KOCHENE,55.0333,82.2333,2022/07/17,22.7,12.1,0,75,2.4

KOCHENE,55.0333,82.2333,2022/01,-10.2,-18.2,9.2,76.2,1.5
KOCHENE,55.0333,82.2333,2022/02,-6.9,-15.5,16.4,73.2,2.2
KOCHENE,55.0333,82.2333,2022/03,-3.5,-12,10.8,65.6,3.1
KOCHENE,55.0333,82.2333,2022/04,12.1,0.1,17.5,50.7,2.5