KOCHKI,54.3333,80.4667,2022/05/01,19.1,8,0,43,3.3
KOCHKI,54.3333,80.4667,2022/05/02,14.3,8.1,0,60,4.1
KOCHKI,54.3333,80.4667,2022/05/03,11,2,0,56,3
KOCHKI,54.3333,80.4667,2022/05/04,16,-4.2,0,53,1.3
KOCHKI,54.3333,80.4667,2022/05/05,17.2,-0.7,0,41,1.6
KOCHKI,54.3333,80.4667,2022/05/06,23.6,7.9,0,38,3.8
KOCHKI,54.3333,80.4667,2022/05/07,9.7,3.6,0,30,5.3
KOCHKI,54.3333,80.4667,2022/05/08,11,-4.6,0,41,2.4
KOCHKI,54.3333,80.4667,2022/05/09,15.9,3.4,0,58,1.8
KOCHKI,54.3333,80.4667,2022/05/10,17.9,0.8,0,55,3
KOCHKI,54.3333,80.4667,2022/05/11,18.9,1.4,0,28,3.5
KOCHKI,54.3333,80.4667,2022/05/12,23.5,5.1,0,29,1.8
KOCHKI,54.3333,80.4667,2022/05/13,25.5,2.9,0,39,1
KOCHKI,54.3333,80.4667,2022/05/14,28.2,6.4,0,45,1.4
KOCHKI,54.3333,80.4667,2022/05/15,23,11.4,0.8,46,2.3
KOCHKI,54.3333,80.4667,2022/05/16,26.9,9.4,0,64,2.9
KOCHKI,54.3333,80.4667,2022/05/17,30.1,11.1,0.7,83,3.5
KOCHKI,54.3333,80.4667,2022/05/18,23.7,12.3,0,48,1.4
KOCHKI,54.3333,80.4667,2022/05/19,25.9,13.8,0.3,59,2.4
KOCHKI,54.3333,80.4667,2022/05/20,22.8,9.6,0,42,4.3
KOCHKI,54.3333,80.4667,2022/05/21,29.3,8.5,0,52,2.6
KOCHKI,54.3333,80.4667,2022/05/22,27,13.1,0,40,2.6
KOCHKI,54.3333,80.4667,2022/05/23,21.2,6,0.7,66,3.3
KOCHKI,54.3333,80.4667,2022/05/24,25.8,5.7,0,57,1.9
KOCHKI,54.3333,80.4667,2022/05/25,26.9,14.3,0,36,3.4
KOCHKI,54.3333,80.4667,2022/05/26,27.7,10.8,0,55,3
KOCHKI,54.3333,80.4667,2022/05/27,26.9,11.7,0,47,3.3
KOCHKI,54.3333,80.4667,2022/05/28,26,12.1,0,48,2.5
KOCHKI,54.3333,80.4667,2022/05/29,23.5,14.5,0,62,2
KOCHKI,54.3333,80.4667,2022/05/30,26.5,9.5,0,64,3
KOCHKI,54.3333,80.4667,2022/05/31,26.8,8,0,51,2.4
KOCHKI,54.3333,80.4667,2022/06/01,19,7.8,1.4,86,3.3
KOCHKI,54.3333,80.4667,2022/06/02,13.8,6.9,15,83,4.1
KOCHKI,54.3333,80.4667,2022/06/03,11,3.9,0,71,1.6
KOCHKI,54.3333,80.4667,2022/06/04,11.6,1.0,0,56,2.5
KOCHKI,54.3333,80.4667,2022/06/05,15.1,0.3,0,66,1.5
KOCHKI,54.3333,80.4667,2022/06/06,17.3,-0.7,0,70,1.9
KOCHKI,54.3333,80.4667,2022/06/07,22.2,4.4,0,59,1.8
KOCHKI,54.3333,80.4667,2022/06/08,20.7,6.7,0,78,2.8
KOCHKI,54.3333,80.4667,2022/06/09,22.5,11.4,0.3,52,3.4
KOCHKI,54.3333,80.4667,2022/06/10,31.4,13.5,0,44,2.9
KOCHKI,54.3333,80.4667,2022/06/11,31.9,17.4,0,41,2.6
KOCHKI,54.3333,80.4667,2022/06/12,28.7,13.4,0,43,3.6
KOCHKI,54.3333,80.4667,2022/06/13,31.2,16.3,0,43,2
KOCHKI,54.3333,80.4667,2022/06/14,26.4,15.3,0,58,1.6
KOCHKI,54.3333,80.4667,2022/06/15,21.8,9.9,0,73,2.9
KOCHKI,54.3333,80.4667,2022/06/16,20.9,11.4,0,79,2.3
KOCHKI,54.3333,80.4667,2022/06/17,17.1,11,5.4,89,2.8
KOCHKI,54.3333,80.4667,2022/06/18,21.6,9.8,0,85,2.4
KOCHKI,54.3333,80.4667,2022/06/19,21.3,11.9,15,86,1.5
KOCHKI,54.3333,80.4667,2022/06/20,25.9,9.5,0.5,81,1.1
KOCHKI,54.3333,80.4667,2022/06/21,25.7,12,0,84,2.1
KOCHKI,54.3333,80.4667,2022/06/22,26.5,16.6,2,68,3.3
KOCHKI,54.3333,80.4667,2022/06/23,26.9,12.6,0,76,2.6
KOCHKI,54.3333,80.4667,2022/06/24,26.4,11.5,0,71,2.5
KOCHKI,54.3333,80.4667,2022/06/25,30.1,15.4,0,72,1.9
KOCHKI,54.3333,80.4667,2022/06/26,33.5,18.7,1,67,3.6
KOCHKI,54.3333,80.4667,2022/06/27,24,14.6,5,75,2.3
KOCHKI,54.3333,80.4667,2022/06/28,18.5,9.1,0.7,74,3.1
KOCHKI,54.3333,80.4667,2022/06/29,29.4,10.7,0,74,2.8
KOCHKI,54.3333,80.4667,2022/06/30,19.3,7.9,2,76,5.9
KOCHKI,54.3333,80.4667,2022/07/01,18,10.4,0,62,3.4
KOCHKI,54.3333,80.4667,2022/07/02,21.1,12.2,0,74,2.3
KOCHKI,54.3333,80.4667,2022/07/03,21.2,10.7,0.5,75,1
KOCHKI,54.3333,80.4667,2022/07/04,24.6,10.1,0,75,1.8
KOCHKI,54.3333,80.4667,2022/07/05,24.6,16.4,2,58,2.9
KOCHKI,54.3333,80.4667,2022/07/06,21.1,11.9,10.4,89,1.1
KOCHKI,54.3333,80.4667,2022/07/07,25.3,14.3,3,87,1.3
KOCHKI,54.3333,80.4667,2022/07/08,25.5,12.9,0,84,2.5
KOCHKI,54.3333,80.4667,2022/07/09,27.1,12.6,0,67,3
KOCHKI,54.3333,80.4667,2022/07/10,28.5,14.5,0,59,2.9
KOCHKI,54.3333,80.4667,2022/07/11,29.7,16.7,0,67,3.3
KOCHKI,54.3333,80.4667,2022/07/12,26.4,13.6,0,56,3.6
KOCHKI,54.3333,80.4667,2022/07/13,20.3,12.4,0,55,2.9
KOCHKI,54.3333,80.4667,2022/07/14,23.7,6.4,0,71,1.1
KOCHKI,54.3333,80.4667,2022/07/15,19.4,12.5,7,63,2.4
KOCHKI,54.3333,80.4667,2022/07/16,24.4,8.3,0,86,1
KOCHKI,54.3333,80.4667,2022/07/17,23.9,11.3,0,72,2

KOCHKI,54.3333,80.4667,2022/01,-10.3,-19.3,11.3,77.9,2.3
KOCHKI,54.3333,80.4667,2022/02,-7.4,-18,14.2,75.3,2.7
KOCHKI,54.3333,80.4667,2022/03,-4.2,-13.6,16.5,70.3,4.1
KOCHKI,54.3333,80.4667,2022/04,12.8,-0.8,10.6,54.7,2.6