KOLIVAN,55.3167,82.7333,2022/05/01,13.4,4.5,0,49,3.6
KOLIVAN,55.3167,82.7333,2022/05/02,13.4,5.9,0.1,58,2.5
KOLIVAN,55.3167,82.7333,2022/05/03,10.8,1.6,0,61,1.4
KOLIVAN,55.3167,82.7333,2022/05/04,14.9,-1.5,0,44,1.5
KOLIVAN,55.3167,82.7333,2022/05/05,16.8,-0.6,0,28,1.8
KOLIVAN,55.3167,82.7333,2022/05/06,22.3,3.8,0,34,2.6
KOLIVAN,55.3167,82.7333,2022/05/07,9.4,3.9,0,27,6.1
KOLIVAN,55.3167,82.7333,2022/05/08,9.7,-2.6,0,37,2
KOLIVAN,55.3167,82.7333,2022/05/09,14.2,0.1,0,73,0.8
KOLIVAN,55.3167,82.7333,2022/05/10,17.7,1.4,0,46,2
KOLIVAN,55.3167,82.7333,2022/05/11,18.9,4.3,0,25,2.8
KOLIVAN,55.3167,82.7333,2022/05/12,23.4,5.5,0,23,1.4
KOLIVAN,55.3167,82.7333,2022/05/13,26.9,5.1,0,26,1.5
KOLIVAN,55.3167,82.7333,2022/05/14,28.1,10.4,0,25,1.5
KOLIVAN,55.3167,82.7333,2022/05/15,24.5,15,0.1,32,1.9
KOLIVAN,55.3167,82.7333,2022/05/16,26.2,11.7,0,79,2.8
KOLIVAN,55.3167,82.7333,2022/05/17,30.7,12,0,57,3.4
KOLIVAN,55.3167,82.7333,2022/05/18,25.3,15.7,0,40,2.4
KOLIVAN,55.3167,82.7333,2022/05/19,27.3,12.8,0,52,1.8
KOLIVAN,55.3167,82.7333,2022/05/20,23.5,10.3,0,53,4
KOLIVAN,55.3167,82.7333,2022/05/21,27,11.9,0,46,2.4
KOLIVAN,55.3167,82.7333,2022/05/22,29.2,15.2,0,44,2.3
KOLIVAN,55.3167,82.7333,2022/05/23,21.3,10,0,49,4.3
KOLIVAN,55.3167,82.7333,2022/05/24,25.7,8.7,0,51,1.4
KOLIVAN,55.3167,82.7333,2022/05/25,28.5,12.1,0,46,2.6
KOLIVAN,55.3167,82.7333,2022/05/26,25.9,16.4,0,47,3
KOLIVAN,55.3167,82.7333,2022/05/27,25,10.4,0,50,2.5
KOLIVAN,55.3167,82.7333,2022/05/28,25.6,12.9,0,40,2.4
KOLIVAN,55.3167,82.7333,2022/05/29,20.8,10.5,0.4,49,1.8
KOLIVAN,55.3167,82.7333,2022/05/30,24.7,10.7,0,61,3.5
KOLIVAN,55.3167,82.7333,2022/05/31,24.1,9,0,53,1.6
KOLIVAN,55.3167,82.7333,2022/06/01,19.5,12.3,6,77,2.8
KOLIVAN,55.3167,82.7333,2022/06/02,11.6,8,10.7,91,2
KOLIVAN,55.3167,82.7333,2022/06/03,12.3,3.9,0.4,75,1.8
KOLIVAN,55.3167,82.7333,2022/06/04,10.4,-0.5,0,62,1.9
KOLIVAN,55.3167,82.7333,2022/06/05,14.2,3.4,0,56,1.6
KOLIVAN,55.3167,82.7333,2022/06/06,16.1,2.4,0,71,1.6
KOLIVAN,55.3167,82.7333,2022/06/07,21.1,7,0,58,2.4
KOLIVAN,55.3167,82.7333,2022/06/08,17.7,6.8,5,93,1.9
KOLIVAN,55.3167,82.7333,2022/06/09,20.7,7.7,0,59,2.8
KOLIVAN,55.3167,82.7333,2022/06/10,28.1,13.1,0,42,2.8
KOLIVAN,55.3167,82.7333,2022/06/11,30.7,16,0,38,2.3
KOLIVAN,55.3167,82.7333,2022/06/12,28.4,16.6,0,49,2.4
KOLIVAN,55.3167,82.7333,2022/06/13,30.6,17.3,0,50,2
KOLIVAN,55.3167,82.7333,2022/06/14,30.4,18.3,0,52,1.8
KOLIVAN,55.3167,82.7333,2022/06/15,23.1,15.2,2,70,2.4
KOLIVAN,55.3167,82.7333,2022/06/16,22,11.8,0,80,2
KOLIVAN,55.3167,82.7333,2022/06/17,19.1,11.7,2,84,2.5
KOLIVAN,55.3167,82.7333,2022/06/18,20.2,13.4,10.7,92,2.5
KOLIVAN,55.3167,82.7333,2022/06/19,24.4,13.4,0.5,90,1.1
KOLIVAN,55.3167,82.7333,2022/06/20,25.3,13.3,0,87,0.8
KOLIVAN,55.3167,82.7333,2022/06/21,26.3,13.1,0,89,1.3
KOLIVAN,55.3167,82.7333,2022/06/22,25.1,18,0.3,62,3.3
KOLIVAN,55.3167,82.7333,2022/06/23,25.9,15.4,28,75,2.3
KOLIVAN,55.3167,82.7333,2022/06/24,24.9,13.2,2.2,90,2.5
KOLIVAN,55.3167,82.7333,2022/06/25,29.6,17.3,0,73,2.4
KOLIVAN,55.3167,82.7333,2022/06/26,32.7,18.3,2.7,76,3.1
KOLIVAN,55.3167,82.7333,2022/06/27,26,15.6,7,91,1.8
KOLIVAN,55.3167,82.7333,2022/06/28,19.5,11.3,7,88,3
KOLIVAN,55.3167,82.7333,2022/06/29,26.4,11.5,0,73,2.4
KOLIVAN,55.3167,82.7333,2022/06/30,19.8,10,4,72,5.4
KOLIVAN,55.3167,82.7333,2022/07/01,17.4,8.9,0,67,3.1
KOLIVAN,55.3167,82.7333,2022/07/02,18.8,11.7,3,79,3.3
KOLIVAN,55.3167,82.7333,2022/07/03,21.7,10.9,0,80,1.5
KOLIVAN,55.3167,82.7333,2022/07/04,23.6,10.9,0,80,0.6
KOLIVAN,55.3167,82.7333,2022/07/05,25.6,16,0,72,1.9
KOLIVAN,55.3167,82.7333,2022/07/06,20.5,14.2,5,85,1.5
KOLIVAN,55.3167,82.7333,2022/07/07,24.2,11.8,0,93,0.5
KOLIVAN,55.3167,82.7333,2022/07/08,26.2,13.1,0,83,1.8
KOLIVAN,55.3167,82.7333,2022/07/09,27.8,14.9,0,71,1
KOLIVAN,55.3167,82.7333,2022/07/10,29.4,15.6,0,73,0.9
KOLIVAN,55.3167,82.7333,2022/07/11,27.6,18.3,0,75,1.3
KOLIVAN,55.3167,82.7333,2022/07/12,26.3,12.6,0,67,1.6
KOLIVAN,55.3167,82.7333,2022/07/13,20.8,9.9,0,77,1.3
KOLIVAN,55.3167,82.7333,2022/07/14,23,7.7,0,71,0.9
KOLIVAN,55.3167,82.7333,2022/07/15,22.5,14,0.1,54,1.3
KOLIVAN,55.3167,82.7333,2022/07/16,24.4,10.2,0,73,1
KOLIVAN,55.3167,82.7333,2022/07/17,22.3,12.8,0,74,1.4

KOLIVAN,55.3167,82.7333,2022/01,-9.7,-17.3,12.6,78.8,2.4
KOLIVAN,55.3167,82.7333,2022/02,-6.4,-14.2,23.5,74.4,2.9
KOLIVAN,55.3167,82.7333,2022/03,-3,-11.7,10.8,65.6,3.5
KOLIVAN,55.3167,82.7333,2022/04,12,0.4,19.4,52.3,2.1