KRASNOZ,53.9833,79.25,2022/05/01,19.2,8.6,0,41,4.1
KRASNOZ,53.9833,79.25,2022/05/02,13.8,5.8,0,52,4.1
KRASNOZ,53.9833,79.25,2022/05/03,10.7,3.6,0,67,4.3
KRASNOZ,53.9833,79.25,2022/05/04,15.7,-1.7,0,52,1.8
KRASNOZ,53.9833,79.25,2022/05/05,18.1,0.1,0,43,1.4
KRASNOZ,53.9833,79.25,2022/05/06,23.3,7.5,0,36,4.3
KRASNOZ,53.9833,79.25,2022/05/07,10.4,3.5,0,36,6.3
KRASNOZ,53.9833,79.25,2022/05/08,14.2,-2.8,0,43,2.5
KRASNOZ,53.9833,79.25,2022/05/09,18.5,4.7,0,63,1.5
KRASNOZ,53.9833,79.25,2022/05/10,18.9,6.7,0,38,3.3
KRASNOZ,53.9833,79.25,2022/05/11,20.6,7,0,20,2.9
KRASNOZ,53.9833,79.25,2022/05/12,24.7,7,0,30,1.5
KRASNOZ,53.9833,79.25,2022/05/13,26,6.3,0,37,1.4
KRASNOZ,53.9833,79.25,2022/05/14,27,8.6,0,49,2.3
KRASNOZ,53.9833,79.25,2022/05/15,25.7,10.8,1,47,3.3
KRASNOZ,53.9833,79.25,2022/05/16,27.2,9.8,0,71,2.5
KRASNOZ,53.9833,79.25,2022/05/17,30.9,13.1,0,69,4.5
KRASNOZ,53.9833,79.25,2022/05/18,22.8,13.7,0,41,1.8
KRASNOZ,53.9833,79.25,2022/05/19,25.1,15.4,0,51,3.6
KRASNOZ,53.9833,79.25,2022/05/20,22.5,10.7,0,42,4
KRASNOZ,53.9833,79.25,2022/05/21,30.4,8.8,0,51,3.4
KRASNOZ,53.9833,79.25,2022/05/22,28.3,17.7,0,36,5
KRASNOZ,53.9833,79.25,2022/05/23,21.7,6.4,0,51,3.6
KRASNOZ,53.9833,79.25,2022/05/24,26.4,8.1,0,51,2.8
KRASNOZ,53.9833,79.25,2022/05/25,27.8,14.8,0,48,3.4
KRASNOZ,53.9833,79.25,2022/05/26,29.6,16.2,0,46,3.6
KRASNOZ,53.9833,79.25,2022/05/27,28.9,15.1,0,40,3
KRASNOZ,53.9833,79.25,2022/05/28,24.8,14,0,34,3
KRASNOZ,53.9833,79.25,2022/05/29,24.4,13.3,1,59,2.4
KRASNOZ,53.9833,79.25,2022/05/30,27.8,14.1,0,46,3.1
KRASNOZ,53.9833,79.25,2022/05/31,27.6,10.5,8,51,3.3
KRASNOZ,53.9833,79.25,2022/06/01,16.1,10.4,8,86,3.8
KRASNOZ,53.9833,79.25,2022/06/02,14.9,7.8,3,73,4.8
KRASNOZ,53.9833,79.25,2022/06/03,11,5.4,0,69,1.5
KRASNOZ,53.9833,79.25,2022/06/04,12.9,2.5,0.5,68,3.1
KRASNOZ,53.9833,79.25,2022/06/05,14.9,3.5,0,52,2.4
KRASNOZ,53.9833,79.25,2022/06/06,17.9,1,0,62,1.9
KRASNOZ,53.9833,79.25,2022/06/07,23.2,7.4,0,46,1.8
KRASNOZ,53.9833,79.25,2022/06/08,22.7,8.7,0,53,2.8
KRASNOZ,53.9833,79.25,2022/06/09,24.2,15.2,0,51,5.9
KRASNOZ,53.9833,79.25,2022/06/10,33,17.1,0,33,4.5
KRASNOZ,53.9833,79.25,2022/06/11,32.6,18.3,0,45,3.4
KRASNOZ,53.9833,79.25,2022/06/12,29.1,13,0,43,3.3
KRASNOZ,53.9833,79.25,2022/06/13,32.2,15.9,0.3,58,2.4
KRASNOZ,53.9833,79.25,2022/06/14,27.8,15.4,4,49,2
KRASNOZ,53.9833,79.25,2022/06/15,21.4,11,5,64,2.3
KRASNOZ,53.9833,79.25,2022/06/16,23.7,12,0,79,2.8
KRASNOZ,53.9833,79.25,2022/06/17,19.4,13,2,66,2.6
KRASNOZ,53.9833,79.25,2022/06/18,22.6,12.7,3,77,1.9
KRASNOZ,53.9833,79.25,2022/06/19,21.7,12.9,8,81,1.8
KRASNOZ,53.9833,79.25,2022/06/20,26.5,12,0,78,1.3
KRASNOZ,53.9833,79.25,2022/06/21,28.5,14.6,0,58,4.3
KRASNOZ,53.9833,79.25,2022/06/22,27.4,17,5,74,3.5
KRASNOZ,53.9833,79.25,2022/06/23,27.5,14.1,0,75,3.4
KRASNOZ,53.9833,79.25,2022/06/24,27.9,14.1,0,63,2.3
KRASNOZ,53.9833,79.25,2022/06/25,31.7,17,0,56,2.5
KRASNOZ,53.9833,79.25,2022/06/26,30.7,18.3,0.4,62,4.4
KRASNOZ,53.9833,79.25,2022/06/27,23.7,15.6,0,53,2.5
KRASNOZ,53.9833,79.25,2022/06/28,18.9,10.8,0,56,3.4
KRASNOZ,53.9833,79.25,2022/06/29,31.2,11,0,66,4.5
KRASNOZ,53.9833,79.25,2022/06/30,19.8,8.9,0.5,57,5.6
KRASNOZ,53.9833,79.25,2022/07/01,18.9,13.2,0,49,4
KRASNOZ,53.9833,79.25,2022/07/02,21.9,12.9,0.5,66,3.5
KRASNOZ,53.9833,79.25,2022/07/03,22.3,11.5,7,80,1.4
KRASNOZ,53.9833,79.25,2022/07/04,25.2,11.3,0.6,75,2.4
KRASNOZ,53.9833,79.25,2022/07/05,23.8,19.6,1,42,4.1
KRASNOZ,53.9833,79.25,2022/07/06,22.3,13.8,24.6,91,2.3
KRASNOZ,53.9833,79.25,2022/07/07,25.3,14.8,0,70,2.3
KRASNOZ,53.9833,79.25,2022/07/08,25.7,15.1,0,65,3.1
KRASNOZ,53.9833,79.25,2022/07/09,26.9,16,0,62,3.3
KRASNOZ,53.9833,79.25,2022/07/10,28.4,16.8,0,63,3.1
KRASNOZ,53.9833,79.25,2022/07/11,30.4,19.2,0,53,3.1
KRASNOZ,53.9833,79.25,2022/07/12,26.6,14.5,0,48,3.8
KRASNOZ,53.9833,79.25,2022/07/13,21.9,12.6,0,54,3.1
KRASNOZ,53.9833,79.25,2022/07/14,24.6,13.9,0,63,1.5
KRASNOZ,53.9833,79.25,2022/07/15,18.2,12.9,20.4,68,3.6
KRASNOZ,53.9833,79.25,2022/07/16,23.8,13.2,0,84,1.8
KRASNOZ,53.9833,79.25,2022/07/17,24,14.4,0,69,2.8

KRASNOZ,53.9833,79.25,2022/01,-9.8,-19,8.3,70.3,2.8
KRASNOZ,53.9833,79.25,2022/02,-7.2,-17.2,9.3,66.2,3
KRASNOZ,53.9833,79.25,2022/03,-4.2,-12.8,19.9,59.6,3.8
KRASNOZ,53.9833,79.25,2022/04,13.6,0.5,7.2,51,2.9