KUJBYSHEV,55.3333,78.3667,2022/05/01,12.1,3.7,0,59,6
KUJBYSHEV,55.3333,78.3667,2022/05/02,13.7,3.7,0,55,4.5
KUJBYSHEV,55.3333,78.3667,2022/05/03,11.2,1.6,0,51,4.3
KUJBYSHEV,55.3333,78.3667,2022/05/04,15.5,-2,0,38,1.4
KUJBYSHEV,55.3333,78.3667,2022/05/05,17.7,0.7,0,50,1.8
KUJBYSHEV,55.3333,78.3667,2022/05/06,22.3,8.9,0,31,4.3
KUJBYSHEV,55.3333,78.3667,2022/05/07,8.1,2.2,0,35,7.3
KUJBYSHEV,55.3333,78.3667,2022/05/08,13.3,-2.4,0,47,3.1
KUJBYSHEV,55.3333,78.3667,2022/05/09,19.6,4,0,53,1.5
KUJBYSHEV,55.3333,78.3667,2022/05/10,19.5,4.1,0,50,2.6
KUJBYSHEV,55.3333,78.3667,2022/05/11,19.5,6.5,0,38,3.1
KUJBYSHEV,55.3333,78.3667,2022/05/12,23.6,3.7,0,44,1.4
KUJBYSHEV,55.3333,78.3667,2022/05/13,24.4,4.1,0,41,1.3
KUJBYSHEV,55.3333,78.3667,2022/05/14,27.4,6.8,0,48,2.4
KUJBYSHEV,55.3333,78.3667,2022/05/15,25.1,10,0,48,2.4
KUJBYSHEV,55.3333,78.3667,2022/05/16,26.2,8.2,0.3,63,3.5
KUJBYSHEV,55.3333,78.3667,2022/05/17,27.2,12.8,1,86,4.6
KUJBYSHEV,55.3333,78.3667,2022/05/18,23.5,11.5,0,44,2.8
KUJBYSHEV,55.3333,78.3667,2022/05/19,22.4,12.9,4,67,3.1
KUJBYSHEV,55.3333,78.3667,2022/05/20,21,10.2,0,41,5.4
KUJBYSHEV,55.3333,78.3667,2022/05/21,29.4,7.1,1,80,3.3
KUJBYSHEV,55.3333,78.3667,2022/05/22,30.3,15.7,0,36,4.8
KUJBYSHEV,55.3333,78.3667,2022/05/23,20.6,8,0.4,61,4.6
KUJBYSHEV,55.3333,78.3667,2022/05/24,26.8,10.7,0,39,2.4
KUJBYSHEV,55.3333,78.3667,2022/05/25,28.8,8.9,0,68,2.4
KUJBYSHEV,55.3333,78.3667,2022/05/26,27.8,12.6,0,58,3.1
KUJBYSHEV,55.3333,78.3667,2022/05/27,26.2,13.1,0,48,3.6
KUJBYSHEV,55.3333,78.3667,2022/05/28,22.6,10.2,0,43,3
KUJBYSHEV,55.3333,78.3667,2022/05/29,24.4,13.1,0.6,55,2.1
KUJBYSHEV,55.3333,78.3667,2022/05/30,24.5,15.8,0,56,4
KUJBYSHEV,55.3333,78.3667,2022/05/31,19.1,12.7,0.8,49,2.3
KUJBYSHEV,55.3333,78.3667,2022/06/01,15,7,9,93,3.1
KUJBYSHEV,55.3333,78.3667,2022/06/02,13.9,5.3,0,79,4.1
KUJBYSHEV,55.3333,78.3667,2022/06/03,12.3,4.4,0,57,2.1
KUJBYSHEV,55.3333,78.3667,2022/06/04,12.6,-1.7,0,67,2.8
KUJBYSHEV,55.3333,78.3667,2022/06/05,12,4.7,0,57,2.5
KUJBYSHEV,55.3333,78.3667,2022/06/06,17.1,-0.2,0,71,2
KUJBYSHEV,55.3333,78.3667,2022/06/07,23.2,8.6,3,51,2.6
KUJBYSHEV,55.3333,78.3667,2022/06/08,20.8,8.4,0,94,3.5
KUJBYSHEV,55.3333,78.3667,2022/06/09,16.2,12.7,1,55,4.5
KUJBYSHEV,55.3333,78.3667,2022/06/10,25.8,13.9,0,49,3.4
KUJBYSHEV,55.3333,78.3667,2022/06/11,29,15.6,7,65,3
KUJBYSHEV,55.3333,78.3667,2022/06/12,27.8,13.3,0,47,3.5
KUJBYSHEV,55.3333,78.3667,2022/06/13,29.2,15.1,0,56,2.9
KUJBYSHEV,55.3333,78.3667,2022/06/14,26.4,13.7,0,59,2.8
KUJBYSHEV,55.3333,78.3667,2022/06/15,20.3,12.2,3,97,3.3
KUJBYSHEV,55.3333,78.3667,2022/06/16,20.7,10.8,2,86,2.9
KUJBYSHEV,55.3333,78.3667,2022/06/17,19,13.9,5,66,3.3
KUJBYSHEV,55.3333,78.3667,2022/06/18,22.6,11,0.9,88,2.5
KUJBYSHEV,55.3333,78.3667,2022/06/19,23.8,14,9,93,1.8
KUJBYSHEV,55.3333,78.3667,2022/06/20,27.8,12.2,0,82,1.3
KUJBYSHEV,55.3333,78.3667,2022/06/21,26.7,15.5,0.4,76,3.1
KUJBYSHEV,55.3333,78.3667,2022/06/22,25.9,15.7,1,86,4.6
KUJBYSHEV,55.3333,78.3667,2022/06/23,24.1,16.1,1,58,3.1
KUJBYSHEV,55.3333,78.3667,2022/06/24,28.1,13.7,0,82,2.8
KUJBYSHEV,55.3333,78.3667,2022/06/25,28.2,17.5,0,75,2.5
KUJBYSHEV,55.3333,78.3667,2022/06/26,26.4,16.9,14,88,2.8
KUJBYSHEV,55.3333,78.3667,2022/06/27,20.9,13.3,4,84,2.1
KUJBYSHEV,55.3333,78.3667,2022/06/28,18.1,12.2,0,73,3.9
KUJBYSHEV,55.3333,78.3667,2022/06/29,26.6,10.5,1,81,3
KUJBYSHEV,55.3333,78.3667,2022/06/30,12.9,9.4,6,86,6
KUJBYSHEV,55.3333,78.3667,2022/07/01,14.9,10.3,0,86,4.9
KUJBYSHEV,55.3333,78.3667,2022/07/02,19.7,11.9,2.7,98,3.4
KUJBYSHEV,55.3333,78.3667,2022/07/03,20.8,9.5,0,86,1.9
KUJBYSHEV,55.3333,78.3667,2022/07/04,24,6.6,0,88,1.6
KUJBYSHEV,55.3333,78.3667,2022/07/05,23.2,15.3,0.9,62,3.6
KUJBYSHEV,55.3333,78.3667,2022/07/06,23.6,12.8,0.4,94,1.8
KUJBYSHEV,55.3333,78.3667,2022/07/07,24.5,12.9,6,97,1.4
KUJBYSHEV,55.3333,78.3667,2022/07/08,26.6,12.5,0.5,90,2.9
KUJBYSHEV,55.3333,78.3667,2022/07/09,27.6,14,0,78,2.9
KUJBYSHEV,55.3333,78.3667,2022/07/10,29.7,12.2,0,74,2.6
KUJBYSHEV,55.3333,78.3667,2022/07/11,29.4,15.1,0,81,3
KUJBYSHEV,55.3333,78.3667,2022/07/12,28.3,12,0,69,3.1
KUJBYSHEV,55.3333,78.3667,2022/07/13,21.1,9.2,0.2,63,14.4
KUJBYSHEV,55.3333,78.3667,2022/07/14,23.5,6.2,0,91,1.1
KUJBYSHEV,55.3333,78.3667,2022/07/15,20.6,13.8,9,86,3.6
KUJBYSHEV,55.3333,78.3667,2022/07/16,25.3,9,0,94,0.8
KUJBYSHEV,55.3333,78.3667,2022/07/17,22.8,10.8,0,85,2.6

KUJBYSHEV,55.3333,78.3667,2022/01,-10.5,-18.4,13.6,83.4,2.9
KUJBYSHEV,55.3333,78.3667,2022/02,-8,-16.8,19.7,77.8,3.2
KUJBYSHEV,55.3333,78.3667,2022/03,-4.2,-13.8,11.4,70.7,3.9
KUJBYSHEV,55.3333,78.3667,2022/04,12.6,0.4,11.9,53,3