KUPINO,54.3833,77.3167,2022/05/01,15.3,5.7,0,63,7.9
KUPINO,54.3833,77.3167,2022/05/02,14.7,4.2,0,60,5
KUPINO,54.3833,77.3167,2022/05/03,12.2,-0.2,0,57,5
KUPINO,54.3833,77.3167,2022/05/04,16.2,-1.2,0,37,1.4
KUPINO,54.3833,77.3167,2022/05/05,18.2,1.2,0,50,1.9
KUPINO,54.3833,77.3167,2022/05/06,23.9,10.7,0,26,4.8
KUPINO,54.3833,77.3167,2022/05/07,9.9,1.4,0,41,6.5
KUPINO,54.3833,77.3167,2022/05/08,17,-4.5,0,44,2.6
KUPINO,54.3833,77.3167,2022/05/09,19.6,7.1,0,45,0.9
KUPINO,54.3833,77.3167,2022/05/10,19.7,5.6,0,49,2.1
KUPINO,54.3833,77.3167,2022/05/11,20.3,5.5,0,27,2.9
KUPINO,54.3833,77.3167,2022/05/12,24,3.2,0,29,0.5
KUPINO,54.3833,77.3167,2022/05/13,23.5,8.4,0,36,1
KUPINO,54.3833,77.3167,2022/05/14,26.8,8.6,0,41,2.8
KUPINO,54.3833,77.3167,2022/05/15,25,12.6,0,53,2.1
KUPINO,54.3833,77.3167,2022/05/16,26.8,8.8,1,48,2.3
KUPINO,54.3833,77.3167,2022/05/17,28.1,14.4,1,79,5.6
KUPINO,54.3833,77.3167,2022/05/18,22.9,14,0,46,1
KUPINO,54.3833,77.3167,2022/05/19,23.5,12.9,2,68,3.3
KUPINO,54.3833,77.3167,2022/05/20,21.4,9.8,0,46,5
KUPINO,54.3833,77.3167,2022/05/21,30.7,6.7,0,63,3.1
KUPINO,54.3833,77.3167,2022/05/22,31.1,17,0,29,4.8
KUPINO,54.3833,77.3167,2022/05/23,21.4,6.2,0,45,4.4
KUPINO,54.3833,77.3167,2022/05/24,27.3,10.3,0,35,2.1
KUPINO,54.3833,77.3167,2022/05/25,28.4,12,0,58,2.9
KUPINO,54.3833,77.3167,2022/05/26,29.3,11.9,0,58,2.8
KUPINO,54.3833,77.3167,2022/05/27,29.6,14.8,0,51,2.9
KUPINO,54.3833,77.3167,2022/05/28,22.7,12.6,0,47,3.1
KUPINO,54.3833,77.3167,2022/05/29,25.9,12.6,0,51,2.6
KUPINO,54.3833,77.3167,2022/05/30,26.6,14.4,0,40,2.8
KUPINO,54.3833,77.3167,2022/05/31,23.5,11.9,6,50,0.6
KUPINO,54.3833,77.3167,2022/06/01,14.5,9.7,6,83,4.5
KUPINO,54.3833,77.3167,2022/06/02,16.9,5.6,0.3,78,3.9
KUPINO,54.3833,77.3167,2022/06/03,10.4,3.5,0.1,65,1.6
KUPINO,54.3833,77.3167,2022/06/04,14.8,-2.2,0,76,2.4
KUPINO,54.3833,77.3167,2022/06/05,14.7,1.8,0,65,2.1
KUPINO,54.3833,77.3167,2022/06/06,19.3,-1,0,76,0.8
KUPINO,54.3833,77.3167,2022/06/07,23.7,10.8,0,48,1.6
KUPINO,54.3833,77.3167,2022/06/08,21,11.2,0,55,2.3
KUPINO,54.3833,77.3167,2022/06/09,23.4,15.4,0.2,45,5
KUPINO,54.3833,77.3167,2022/06/10,26,16.9,0,39,2.9
KUPINO,54.3833,77.3167,2022/06/11,31.4,17.6,3,68,3.5
KUPINO,54.3833,77.3167,2022/06/12,29.5,12.7,0,51,2.8
KUPINO,54.3833,77.3167,2022/06/13,30.8,12.3,0,56,1.5
KUPINO,54.3833,77.3167,2022/06/14,27,12.1,1,59,2.8
KUPINO,54.3833,77.3167,2022/06/15,20.6,9.2,2.3,95,1.9
KUPINO,54.3833,77.3167,2022/06/16,24,9.3,0,87,2.8
KUPINO,54.3833,77.3167,2022/06/17,20,11.2,1,62,0.6
KUPINO,54.3833,77.3167,2022/06/18,23.7,11,0.4,83,2.1
KUPINO,54.3833,77.3167,2022/06/19,23.4,12.1,4.5,85,1.4
KUPINO,54.3833,77.3167,2022/06/20,28.1,10.4,0,87,0.3
KUPINO,54.3833,77.3167,2022/06/21,27,16,0.7,62,3.3
KUPINO,54.3833,77.3167,2022/06/22,27.3,13.7,3,83,3.9
KUPINO,54.3833,77.3167,2022/06/23,27.3,15.4,0,54,4.3
KUPINO,54.3833,77.3167,2022/06/24,30.7,12.5,0,70,1.8
KUPINO,54.3833,77.3167,2022/06/25,31.6,15.8,0,65,1.9
KUPINO,54.3833,77.3167,2022/06/26,27,17.3,31,79,3.4
KUPINO,54.3833,77.3167,2022/06/27,21.6,14.7,1,76,2.8
KUPINO,54.3833,77.3167,2022/06/28,18.9,9.9,0,70,1.9
KUPINO,54.3833,77.3167,2022/06/29,26.5,11.7,4,72,2.9
KUPINO,54.3833,77.3167,2022/06/30,16.8,7.9,0,77,7.5
KUPINO,54.3833,77.3167,2022/07/01,15.5,11.3,0.3,66,3.1
KUPINO,54.3833,77.3167,2022/07/02,23.8,12,0,85,3
KUPINO,54.3833,77.3167,2022/07/03,21.2,11.6,0,84,1.9
KUPINO,54.3833,77.3167,2022/07/04,25.3,10,0,80,3.1
KUPINO,54.3833,77.3167,2022/07/05,23.4,16.6,0,57,2.8
KUPINO,54.3833,77.3167,2022/07/06,23.6,10.6,0,82,3.4
KUPINO,54.3833,77.3167,2022/07/07,27.3,12.4,0,89,2.1
KUPINO,54.3833,77.3167,2022/07/08,26.3,12.3,1,84,4.3
KUPINO,54.3833,77.3167,2022/07/09,28.1,13,0,79,4.3
KUPINO,54.3833,77.3167,2022/07/10,30.1,14.7,0,77,3.9
KUPINO,54.3833,77.3167,2022/07/11,31.8,17,0,80,4
KUPINO,54.3833,77.3167,2022/07/12,26,14.2,0,68,4.5
KUPINO,54.3833,77.3167,2022/07/13,24.6,12.7,0.4,65,3.5
KUPINO,54.3833,77.3167,2022/07/14,23.9,14,1,93,2.3
KUPINO,54.3833,77.3167,2022/07/15,19.4,17.1,0.3,84,3.6
KUPINO,54.3833,77.3167,2022/07/16,26.3,15,0,83,2
KUPINO,54.3833,77.3167,2022/07/17,23.6,13.7,0,76,4.6

KUPINO,54.3833,77.3167,2022/01,-10.6,-19,6.6,83.2,3
KUPINO,54.3833,77.3167,2022/02,-8.3,-17.5,18,81.8,2.9
KUPINO,54.3833,77.3167,2022/03,-4.9,-14.1,11.1,77,4.2
KUPINO,54.3833,77.3167,2022/04,14.3,0,4.1,54.7,2.7