MASLYAN,54.3333,84.2167,2022/05/01,28.1,3,0,57,1.1
MASLYAN,54.3333,84.2167,2022/05/02,23.6,9.9,0.7,62,3.3
MASLYAN,54.3333,84.2167,2022/05/03,15,-3.1,0,79,2.5
MASLYAN,54.3333,84.2167,2022/05/04,13.7,-5.5,0,58,1.6
MASLYAN,54.3333,84.2167,2022/05/05,17.9,-3.4,0,50,1.4
MASLYAN,54.3333,84.2167,2022/05/06,21.4,-1.7,0,62,1.6
MASLYAN,54.3333,84.2167,2022/05/07,11.7,10,0,39,4.5
MASLYAN,54.3333,84.2167,2022/05/08,10.2,-2.6,0,44,2.6
MASLYAN,54.3333,84.2167,2022/05/09,14,-5.1,0,74,1
MASLYAN,54.3333,84.2167,2022/05/10,16.6,-4.9,0,67,2.4
MASLYAN,54.3333,84.2167,2022/05/11,19.6,-1.6,0,46,2.4
MASLYAN,54.3333,84.2167,2022/05/12,24.8,-3,0,44,1.8
MASLYAN,54.3333,84.2167,2022/05/13,26.9,-0.8,0,60,1.1
MASLYAN,54.3333,84.2167,2022/05/14,29.1,2.1,0,63,1.8
MASLYAN,54.3333,84.2167,2022/05/15,27.3,10.6,0,67,2.3
MASLYAN,54.3333,84.2167,2022/05/16,26.1,9.2,0.9,84,1.8
MASLYAN,54.3333,84.2167,2022/05/17,29.1,7.1,0,81,2.8
MASLYAN,54.3333,84.2167,2022/05/18,26.8,10.9,0,55,2
MASLYAN,54.3333,84.2167,2022/05/19,31.1,9.5,0,77,2.4
MASLYAN,54.3333,84.2167,2022/05/20,23.5,11.5,0,57,3.6
MASLYAN,54.3333,84.2167,2022/05/21,27,12.7,0,47,2.4
MASLYAN,54.3333,84.2167,2022/05/22,26.7,7.5,0,82,2.6
MASLYAN,54.3333,84.2167,2022/05/23,20.3,12.2,5,82,2.5
MASLYAN,54.3333,84.2167,2022/05/24,25.7,1,0,87,2.1
MASLYAN,54.3333,84.2167,2022/05/25,26.7,6.1,0,68,2.6
MASLYAN,54.3333,84.2167,2022/05/26,27.1,8.4,0,76,2.8
MASLYAN,54.3333,84.2167,2022/05/27,25.6,6.1,0,65,14.4
MASLYAN,54.3333,84.2167,2022/05/28,25.6,4.2,0,77,1.1
MASLYAN,54.3333,84.2167,2022/05/29,22.8,6.3,2,87,1.1
MASLYAN,54.3333,84.2167,2022/05/30,26.6,6.1,1,94,2.9
MASLYAN,54.3333,84.2167,2022/05/31,25.5,6,0,71,13.4
MASLYAN,54.3333,84.2167,2022/06/01,20.6,14,2.7,84,2.4
MASLYAN,54.3333,84.2167,2022/06/02,13.1,8.5,15.4,94,3.6
MASLYAN,54.3333,84.2167,2022/06/03,12.7,1.5,0,84,2.8
MASLYAN,54.3333,84.2167,2022/06/04,12,5.2,0,75,1.8
MASLYAN,54.3333,84.2167,2022/06/05,13.1,-2.5,0.7,86,0.9
MASLYAN,54.3333,84.2167,2022/06/06,14.6,5.7,1,81,2.1
MASLYAN,54.3333,84.2167,2022/06/07,19.2,-1,0,91,1
MASLYAN,54.3333,84.2167,2022/06/08,18.5,4.2,1,81,1.8
MASLYAN,54.3333,84.2167,2022/06/09,21.3,2.5,0,81,2.1
MASLYAN,54.3333,84.2167,2022/06/10,28.6,3.2,0,84,1.6
MASLYAN,54.3333,84.2167,2022/06/11,30.9,6.9,0,84,1.9
MASLYAN,54.3333,84.2167,2022/06/12,28.4,12.4,2,80,2.6
MASLYAN,54.3333,84.2167,2022/06/13,30.4,9.5,0,82,1.4
MASLYAN,54.3333,84.2167,2022/06/14,31.2,12.4,0.6,78,1.5
MASLYAN,54.3333,84.2167,2022/06/15,24.4,13.8,0,90,2.1
MASLYAN,54.3333,84.2167,2022/06/16,20.3,13.1,4.3,83,37.9
MASLYAN,54.3333,84.2167,2022/06/17,21.6,8.9,5,95,2.4
MASLYAN,54.3333,84.2167,2022/06/18,20.4,12.9,3,93,2.8
MASLYAN,54.3333,84.2167,2022/06/19,21.5,11.4,3,96,0.9
MASLYAN,54.3333,84.2167,2022/06/20,22.9,13.4,1,93,1.3
MASLYAN,54.3333,84.2167,2022/06/21,26,10.7,0,96,1.4
MASLYAN,54.3333,84.2167,2022/06/22,26.7,13.8,0,88,2.3
MASLYAN,54.3333,84.2167,2022/06/23,27.4,15.1,0.6,85,2.6
MASLYAN,54.3333,84.2167,2022/06/24,24.9,9.7,3,95,1.9
MASLYAN,54.3333,84.2167,2022/06/25,29.9,13.1,5,88,2.6
MASLYAN,54.3333,84.2167,2022/06/26,33,14.9,0,96,2.6
MASLYAN,54.3333,84.2167,2022/06/27,23.5,15.7,44,74,2.5
MASLYAN,54.3333,84.2167,2022/06/28,20.2,12.6,7,94,3.1
MASLYAN,54.3333,84.2167,2022/06/29,25,9,0,94,2.5
MASLYAN,54.3333,84.2167,2022/06/30,19.5,12.5,0,78,4.1
MASLYAN,54.3333,84.2167,2022/07/01,21.1,5.2,0,88,2.5
MASLYAN,54.3333,84.2167,2022/07/02,19.6,11.8,0,81,2.8
MASLYAN,54.3333,84.2167,2022/07/03,20,8.1,2,90,1.6
MASLYAN,54.3333,84.2167,2022/07/04,24,7.3,0,95,0.9
MASLYAN,54.3333,84.2167,2022/07/05,27.5,8.1,0,90,1.3
MASLYAN,54.3333,84.2167,2022/07/06,19.6,13.1,0.9,92,2.8
MASLYAN,54.3333,84.2167,2022/07/07,24.6,11.5,0,96,1.5
MASLYAN,54.3333,84.2167,2022/07/08,25.4,10.9,4,98,1.4
MASLYAN,54.3333,84.2167,2022/07/09,26.9,9,0,86,2
MASLYAN,54.3333,84.2167,2022/07/10,28.1,11.5,0,82,2.4
MASLYAN,54.3333,84.2167,2022/07/11,29.6,12.1,0,90,2
MASLYAN,54.3333,84.2167,2022/07/12,25.5,8.4,0,68,3.3
MASLYAN,54.3333,84.2167,2022/07/13,20.4,11.9,0,71,2.5
MASLYAN,54.3333,84.2167,2022/07/14,21.8,4.9,0,84,1.1
MASLYAN,54.3333,84.2167,2022/07/15,22.2,10.7,0,87,1.5
MASLYAN,54.3333,84.2167,2022/07/16,24.8,6.3,0,93,0.8
MASLYAN,54.3333,84.2167,2022/07/17,25.3,7.7,0,90,1.4

MASLYAN,54.3333,84.2167,2022/01,-10,-21.5,18.1,77.4,1.5
MASLYAN,54.3333,84.2167,2022/02,-5.9,-19.1,10.8,75.1,1.8
MASLYAN,54.3333,84.2167,2022/03,-1.9,-14.3,13,68.7,3.3
MASLYAN,54.3333,84.2167,2022/04,11.6,-2.7,19,61.8,2