MOCHKOV,55.1667,83.6,2022/05/01,15.1,4.2,0,53,1.4
MOCHKOV,55.1667,83.6,2022/05/02,14.9,6.9,0,59,2.3
MOCHKOV,55.1667,83.6,2022/05/03,10.3,-0.1,0,68,1.6
MOCHKOV,55.1667,83.6,2022/05/04,14.3,-2.2,0,48,1.3
MOCHKOV,55.1667,83.6,2022/05/05,16.5,-1.9,0,33,0.9
MOCHKOV,55.1667,83.6,2022/05/06,21.5,2.3,0,37,1.6
MOCHKOV,55.1667,83.6,2022/05/07,9.6,4.8,0,25,3.6
MOCHKOV,55.1667,83.6,2022/05/08,10.6,-1.7,0,37,1.8
MOCHKOV,55.1667,83.6,2022/05/09,13.9,-0.3,0,66,0.8
MOCHKOV,55.1667,83.6,2022/05/10,16.6,-0.4,0,48,1.3
MOCHKOV,55.1667,83.6,2022/05/11,18.2,3.2,0,26,2.4
MOCHKOV,55.1667,83.6,2022/05/12,24.2,3.2,0,28,1.3
MOCHKOV,55.1667,83.6,2022/05/13,26.8,5.9,0,28,0.6
MOCHKOV,55.1667,83.6,2022/05/14,28.9,8.4,0,37,1.4
MOCHKOV,55.1667,83.6,2022/05/15,27.5,14.1,0.3,36,1.3
MOCHKOV,55.1667,83.6,2022/05/16,26.1,12.2,0,73,1.3
MOCHKOV,55.1667,83.6,2022/05/17,29.8,13.4,0,53,1.8
MOCHKOV,55.1667,83.6,2022/05/18,25.6,15.9,0,37,1
MOCHKOV,55.1667,83.6,2022/05/19,28.4,12.9,0.4,55,0.9
MOCHKOV,55.1667,83.6,2022/05/20,22.6,9.4,3,63,1.5
MOCHKOV,55.1667,83.6,2022/05/21,26.7,13.5,0,44,1
MOCHKOV,55.1667,83.6,2022/05/22,29.4,13.8,0,52,2.4
MOCHKOV,55.1667,83.6,2022/05/23,21.4,10.3,0,55,1.3
MOCHKOV,55.1667,83.6,2022/05/24,26.3,7.5,0,53,1.1
MOCHKOV,55.1667,83.6,2022/05/25,28.5,7.1,0,58,0.8
MOCHKOV,55.1667,83.6,2022/05/26,25.7,15.3,0,52,1
MOCHKOV,55.1667,83.6,2022/05/27,25,9.3,0,53,0.8
MOCHKOV,55.1667,83.6,2022/05/28,25.7,10.4,0,49,1.1
MOCHKOV,55.1667,83.6,2022/05/29,18.7,9.9,0.6,68,0.4
MOCHKOV,55.1667,83.6,2022/05/30,24.5,9.5,0,57,1.5
MOCHKOV,55.1667,83.6,2022/05/31,22.3,9.8,0,50,0.8
MOCHKOV,55.1667,83.6,2022/06/01,19.7,13,7,74,1.6
MOCHKOV,55.1667,83.6,2022/06/02,11.8,7.9,7,86,1.4
MOCHKOV,55.1667,83.6,2022/06/03,12.1,2.9,0.3,74,0.9
MOCHKOV,55.1667,83.6,2022/06/04,9.7,-1.5,0,69,0.6
MOCHKOV,55.1667,83.6,2022/06/05,14.1,3.1,0,65,0.6
MOCHKOV,55.1667,83.6,2022/06/06,15.1,2.7,0.5,71,1.1
MOCHKOV,55.1667,83.6,2022/06/07,20.5,5.1,0,66,0.9
MOCHKOV,55.1667,83.6,2022/06/08,17.4,7.3,5,87,0.8
MOCHKOV,55.1667,83.6,2022/06/09,22.2,6.4,0,63,2.3
MOCHKOV,55.1667,83.6,2022/06/10,28,11.8,0,43,2
MOCHKOV,55.1667,83.6,2022/06/11,31.5,12.7,0,46,1.4
MOCHKOV,55.1667,83.6,2022/06/12,28.1,17.4,0,48,1.8
MOCHKOV,55.1667,83.6,2022/06/13,30.7,16.5,0,50,0.6
MOCHKOV,55.1667,83.6,2022/06/14,30,17.6,0.4,60,0.9
MOCHKOV,55.1667,83.6,2022/06/15,23.6,15.4,6,78,1.8
MOCHKOV,55.1667,83.6,2022/06/16,21.5,11.6,3,78,0.4
MOCHKOV,55.1667,83.6,2022/06/17,19.3,11.3,3,84,0.8
MOCHKOV,55.1667,83.6,2022/06/18,20.1,13.4,9,86,0.8
MOCHKOV,55.1667,83.6,2022/06/19,23.6,13.6,0,86,0.4
MOCHKOV,55.1667,83.6,2022/06/20,24.4,10.1,6,88,0.3
MOCHKOV,55.1667,83.6,2022/06/21,26.1,11.6,0,86,1
MOCHKOV,55.1667,83.6,2022/06/22,24.9,17,0,67,1.5
MOCHKOV,55.1667,83.6,2022/06/23,25.3,14.2,20,79,1.3
MOCHKOV,55.1667,83.6,2022/06/24,24.4,13.2,6,88,0.8
MOCHKOV,55.1667,83.6,2022/06/25,29.2,17.4,2,71,0.8
MOCHKOV,55.1667,83.6,2022/06/26,31.3,18.2,2,77,1.6
MOCHKOV,55.1667,83.6,2022/06/27,25.8,16.3,2,82,0.6
MOCHKOV,55.1667,83.6,2022/06/28,19.4,11.3,2,86,1.3
MOCHKOV,55.1667,83.6,2022/06/29,25.5,11,0,73,2.3
MOCHKOV,55.1667,83.6,2022/06/30,19.4,10.7,7,64,1.8
MOCHKOV,55.1667,83.6,2022/07/01,17.6,8.8,0.4,66,0.9
MOCHKOV,55.1667,83.6,2022/07/02,19,11.8,3,76,1.4
MOCHKOV,55.1667,83.6,2022/07/03,21.4,10.8,0,74,0.9
MOCHKOV,55.1667,83.6,2022/07/04,24,12.3,1,86,0.5
MOCHKOV,55.1667,83.6,2022/07/05,26.2,12,0,74,1.5
MOCHKOV,55.1667,83.6,2022/07/06,21.4,14.4,9.3,83,1
MOCHKOV,55.1667,83.6,2022/07/07,25.1,12,0,85,0.4
MOCHKOV,55.1667,83.6,2022/07/08,26.1,10.6,0,86,0.6
MOCHKOV,55.1667,83.6,2022/07/09,27.8,10.7,0,79,0.8
MOCHKOV,55.1667,83.6,2022/07/10,29.4,11.9,0,81,0.6
MOCHKOV,55.1667,83.6,2022/07/11,26.5,15.1,0,79,0.9
MOCHKOV,55.1667,83.6,2022/07/12,25.3,9.6,0,71,0.9
MOCHKOV,55.1667,83.6,2022/07/13,20,8.7,0.5,77,0.6
MOCHKOV,55.1667,83.6,2022/07/14,22.1,6.9,0,83,0.4
MOCHKOV,55.1667,83.6,2022/07/15,23.1,10.5,0,64,0.5
MOCHKOV,55.1667,83.6,2022/07/16,24.6,9.9,0,81,0.3
MOCHKOV,55.1667,83.6,2022/07/17,22.7,11.3,1,78,0.9

MOCHKOV,55.1667,83.6,2022/01,-9.7,-17.2,19.8,75.6,1.6
MOCHKOV,55.1667,83.6,2022/02,-5.9,-14.5,17.3,70.7,1.7
MOCHKOV,55.1667,83.6,2022/03,-2.9,-12.7,25.6,64.6,2
MOCHKOV,55.1667,83.6,2022/04,11.7,0.1,16.2,50.8,1.7