NOVOSIB,54.9,82.95,2022/05/01,18.3,7.1,0,42,3
NOVOSIB,54.9,82.95,2022/05/02,15.1,8.6,1.5,56,3.3
NOVOSIB,54.9,82.95,2022/05/03,11.2,-0.6,0,67,3
NOVOSIB,54.9,82.95,2022/05/04,14.3,-3,0,47,2.3
NOVOSIB,54.9,82.95,2022/05/05,17.1,0.2,0,36,1.3
NOVOSIB,54.9,82.95,2022/05/06,22.1,0.4,0,42,2
NOVOSIB,54.9,82.95,2022/05/07,10.4,5.2,0,31,5.4
NOVOSIB,54.9,82.95,2022/05/08,10.4,-1.7,0,36,3.1
NOVOSIB,54.9,82.95,2022/05/09,14.6,-0.2,0,73,1.1
NOVOSIB,54.9,82.95,2022/05/10,17.5,0.1,0,50,2.3
NOVOSIB,54.9,82.95,2022/05/11,19.3,2.7,0,27,2.8
NOVOSIB,54.9,82.95,2022/05/12,23.1,4.9,0,28,1.6
NOVOSIB,54.9,82.95,2022/05/13,27.1,3.9,0,42,1.4
NOVOSIB,54.9,82.95,2022/05/14,28.1,7,0,51,2
NOVOSIB,54.9,82.95,2022/05/15,25.6,10.7,0,41,1.6
NOVOSIB,54.9,82.95,2022/05/16,25.4,11.8,0,81,3.5
NOVOSIB,54.9,82.95,2022/05/17,29.8,15.2,0,51,3.6
NOVOSIB,54.9,82.95,2022/05/18,25,14.8,0,39,2.4
NOVOSIB,54.9,82.95,2022/05/19,27.3,13.1,0,62,1.5
NOVOSIB,54.9,82.95,2022/05/20,22.8,12.1,0,50,4.1
NOVOSIB,54.9,82.95,2022/05/21,26.9,14.4,0,44,2.6
NOVOSIB,54.9,82.95,2022/05/22,28.5,12.4,0,50,2.1
NOVOSIB,54.9,82.95,2022/05/23,20.9,10.8,0,48,4.4
NOVOSIB,54.9,82.95,2022/05/24,25.7,5.1,0,62,1.5
NOVOSIB,54.9,82.95,2022/05/25,27.3,8.9,0,50,1.9
NOVOSIB,54.9,82.95,2022/05/26,26.2,14.7,0,46,2.9
NOVOSIB,54.9,82.95,2022/05/27,25.2,10.7,0,43,2.5
NOVOSIB,54.9,82.95,2022/05/28,26.3,10.9,0,49,1.4
NOVOSIB,54.9,82.95,2022/05/29,20.2,9.6,1,65,1.3
NOVOSIB,54.9,82.95,2022/05/30,25.7,11.7,0,61,3.5
NOVOSIB,54.9,82.95,2022/05/31,24.2,9,0,49,1.4
NOVOSIB,54.9,82.95,2022/06/01,20.4,12.8,6,78,2.8
NOVOSIB,54.9,82.95,2022/06/02,12.4,8.6,6,91,4
NOVOSIB,54.9,82.95,2022/06/03,12.3,2.9,0.4,62,2.5
NOVOSIB,54.9,82.95,2022/06/04,11.4,2.6,0.0,52,2.4
NOVOSIB,54.9,82.95,2022/06/05,14.1,1.6,0.0,70,0.9
NOVOSIB,54.9,82.95,2022/06/06,16,4.1,0,66,2.9
NOVOSIB,54.9,82.95,2022/06/07,20.5,4.3,0,68,2.4
NOVOSIB,54.9,82.95,2022/06/08,18.2,7,4,92,1.3
NOVOSIB,54.9,82.95,2022/06/09,21.9,8.6,0,57,2.1
NOVOSIB,54.9,82.95,2022/06/10,27.9,9.7,0,55,0.9
NOVOSIB,54.9,82.95,2022/06/11,29.8,13.3,0,49,1.3
NOVOSIB,54.9,82.95,2022/06/12,28,16.9,0,49,2.8
NOVOSIB,54.9,82.95,2022/06/13,31,18.2,0,52,1.6
NOVOSIB,54.9,82.95,2022/06/14,29.8,17.5,0,57,1.6
NOVOSIB,54.9,82.95,2022/06/15,23.4,15.1,2,75,1.8
NOVOSIB,54.9,82.95,2022/06/16,20.8,12,6.9,93,1.3
NOVOSIB,54.9,82.95,2022/06/17,19.4,13.1,4.6,84,2
NOVOSIB,54.9,82.95,2022/06/18,20.4,14,2,86,2.4
NOVOSIB,54.9,82.95,2022/06/19,23.4,12.7,4,89,0.8
NOVOSIB,54.9,82.95,2022/06/20,25.5,12.7,1,88,0.9
NOVOSIB,54.9,82.95,2022/06/21,26.3,11.5,0,91,1.4
NOVOSIB,54.9,82.95,2022/06/22,25.9,18.7,0,66,2.6
NOVOSIB,54.9,82.95,2022/06/23,26.1,15.7,2.9,85,1.9
NOVOSIB,54.9,82.95,2022/06/24,25.3,15,3,92,2.4
NOVOSIB,54.9,82.95,2022/06/25,30,18,0,78,2.4
NOVOSIB,54.9,82.95,2022/06/26,32.5,19.3,1,70,14.9
NOVOSIB,54.9,82.95,2022/06/27,24.6,16,1.1,81,1.9
NOVOSIB,54.9,82.95,2022/06/28,20.7,12,1,85,2.8
NOVOSIB,54.9,82.95,2022/06/29,26.1,10,0,82,3.3
NOVOSIB,54.9,82.95,2022/06/30,20,11.1,13,73,4.3
NOVOSIB,54.9,82.95,2022/07/01,18.8,10.9,0,57,2.5
NOVOSIB,54.9,82.95,2022/07/02,20.6,12.8,0,75,2.8
NOVOSIB,54.9,82.95,2022/07/03,21.7,9.4,0,81,1.8
NOVOSIB,54.9,82.95,2022/07/04,24.1,8.5,0,80,0.9
NOVOSIB,54.9,82.95,2022/07/05,26,14.1,0,72,1.4
NOVOSIB,54.9,82.95,2022/07/06,20.7,14.7,24,95,1.4
NOVOSIB,54.9,82.95,2022/07/07,23.8,13.3,3.4,97,1.6
NOVOSIB,54.9,82.95,2022/07/08,25.3,13.9,0,96,1.1
NOVOSIB,54.9,82.95,2022/07/09,27.1,12.5,0,76,1.5
NOVOSIB,54.9,82.95,2022/07/10,28.1,15.7,0,70,2.4
NOVOSIB,54.9,82.95,2022/07/11,27.9,16.7,0,80,1.9
NOVOSIB,54.9,82.95,2022/07/12,25.9,13.6,0,60,2.6
NOVOSIB,54.9,82.95,2022/07/13,20,10,0,66,2.8
NOVOSIB,54.9,82.95,2022/07/14,22.3,7.5,0,79,0.9
NOVOSIB,54.9,82.95,2022/07/15,23.6,13.7,0,61,1.6
NOVOSIB,54.9,82.95,2022/07/16,24.8,10.2,0,87,0.6
NOVOSIB,54.9,82.95,2022/07/17,23.5,10.7,0,84,2.1

NOVOSIB,54.9,82.95,2022/01,-9.6,-19,12.7,79.3,2.4
NOVOSIB,54.9,82.95,2022/02,-6.4,-16.2,20.3,76.1,2.8
NOVOSIB,54.9,82.95,2022/03,-3.1,-12.9,13.9,68.9,3.5
NOVOSIB,54.9,82.95,2022/04,11.5,-0.3,17.7,56.7,2.6