ORDINSK,54.3667,81.9,2022/05/01,19.9,8.7,0,42,2.9
ORDINSK,54.3667,81.9,2022/05/02,16,9.6,2,57,3.3
ORDINSK,54.3667,81.9,2022/05/03,11.7,-0.8,0,63,2.5
ORDINSK,54.3667,81.9,2022/05/04,14.9,-4.6,0,51,1.5
ORDINSK,54.3667,81.9,2022/05/05,16.7,-1.6,0,48,1.8
ORDINSK,54.3667,81.9,2022/05/06,23.4,4.4,0,45,1.8
ORDINSK,54.3667,81.9,2022/05/07,10.6,4.8,0,28,5
ORDINSK,54.3667,81.9,2022/05/08,10.8,-4.6,0,41,2.6
ORDINSK,54.3667,81.9,2022/05/09,14.1,-3,0,83,1.6
ORDINSK,54.3667,81.9,2022/05/10,17.4,-2.3,0,58,2.1
ORDINSK,54.3667,81.9,2022/05/11,19.1,4.6,0,28,3
ORDINSK,54.3667,81.9,2022/05/12,23.2,1.3,0,42,1.3
ORDINSK,54.3667,81.9,2022/05/13,26.4,1.3,0,51,1.3
ORDINSK,54.3667,81.9,2022/05/14,28.9,6.4,0,45,1.3
ORDINSK,54.3667,81.9,2022/05/15,21.7,12.3,0.6,35,1.9
ORDINSK,54.3667,81.9,2022/05/16,26.4,9.5,11,86,1.8
ORDINSK,54.3667,81.9,2022/05/17,29.7,11.4,0,64,3.3
ORDINSK,54.3667,81.9,2022/05/18,23.9,12.6,0,51,1.4
ORDINSK,54.3667,81.9,2022/05/19,27.2,13.3,0,61,1.9
ORDINSK,54.3667,81.9,2022/05/20,23.3,13,2,54,3.6
ORDINSK,54.3667,81.9,2022/05/21,28.6,10.3,0,48,1.9
ORDINSK,54.3667,81.9,2022/05/22,27.5,14,0,43,2
ORDINSK,54.3667,81.9,2022/05/23,21.5,9.5,0,54,3.1
ORDINSK,54.3667,81.9,2022/05/24,25.3,4,0,63,1.9
ORDINSK,54.3667,81.9,2022/05/25,26.7,11.8,0,40,2.1
ORDINSK,54.3667,81.9,2022/05/26,27.9,11.3,0,58,2.4
ORDINSK,54.3667,81.9,2022/05/27,25.8,10.2,0,41,2.9
ORDINSK,54.3667,81.9,2022/05/28,26.8,11.6,0,48,1.6
ORDINSK,54.3667,81.9,2022/05/29,22,15.1,0.6,61,1.5
ORDINSK,54.3667,81.9,2022/05/30,26.7,9.6,0,64,2.9
ORDINSK,54.3667,81.9,2022/05/31,26,7.2,0.3,50,1.9
ORDINSK,54.3667,81.9,2022/06/01,19.7,11.6,5,80,3
ORDINSK,54.3667,81.9,2022/06/02,14,8.1,13,87,3.9
ORDINSK,54.3667,81.9,2022/06/03,13,5,0,67,2.3
ORDINSK,54.3667,81.9,2022/06/04,11.9,2.6,0,53,2.8
ORDINSK,54.3667,81.9,2022/06/05,14.6,-0.8,0,69,1.4
ORDINSK,54.3667,81.9,2022/06/06,16.1,3.9,0.6,73,1.8
ORDINSK,54.3667,81.9,2022/06/07,21.3,3.9,0,69,1.6
ORDINSK,54.3667,81.9,2022/06/08,18.9,8.3,3,81,2.3
ORDINSK,54.3667,81.9,2022/06/09,20.3,11.2,0.1,53,2.8
ORDINSK,54.3667,81.9,2022/06/10,29.9,10.1,0,49,2.1
ORDINSK,54.3667,81.9,2022/06/11,31.5,13.8,0,49,1.8
ORDINSK,54.3667,81.9,2022/06/12,28.6,12.7,0,51,2.6
ORDINSK,54.3667,81.9,2022/06/13,31.9,16.1,0,46,1.8
ORDINSK,54.3667,81.9,2022/06/14,28.7,13.7,0,66,1.1
ORDINSK,54.3667,81.9,2022/06/15,22.4,14.9,5,73,2.3
ORDINSK,54.3667,81.9,2022/06/16,22,12.1,5,86,1.5
ORDINSK,54.3667,81.9,2022/06/17,18.4,12.9,2,80,2.1
ORDINSK,54.3667,81.9,2022/06/18,21.4,13,5,79,2.4
ORDINSK,54.3667,81.9,2022/06/19,22,11.8,0.4,83,1
ORDINSK,54.3667,81.9,2022/06/20,23.5,11.3,9,84,1
ORDINSK,54.3667,81.9,2022/06/21,26.2,12.4,0,83,1.3
ORDINSK,54.3667,81.9,2022/06/22,26.7,18.5,0,61,2.4
ORDINSK,54.3667,81.9,2022/06/23,27.6,13,0,71,2.6
ORDINSK,54.3667,81.9,2022/06/24,26.2,14.4,0,70,2.4
ORDINSK,54.3667,81.9,2022/06/25,31.1,14.8,0,73,2
ORDINSK,54.3667,81.9,2022/06/26,34.6,19.8,0.4,67,2.6
ORDINSK,54.3667,81.9,2022/06/27,23.8,16.4,4,70,1.4
ORDINSK,54.3667,81.9,2022/06/28,20,11.6,0,72,3.5
ORDINSK,54.3667,81.9,2022/06/29,28.3,11.7,0,71,2.8
ORDINSK,54.3667,81.9,2022/06/30,20.2,10.6,2,71,4.8
ORDINSK,54.3667,81.9,2022/07/01,18.8,11.4,0,56,3.1
ORDINSK,54.3667,81.9,2022/07/02,20.6,12.9,0,64,3.3
ORDINSK,54.3667,81.9,2022/07/03,21.1,10,3.8,87,1.5
ORDINSK,54.3667,81.9,2022/07/04,24.7,8.1,0,77,1.1
ORDINSK,54.3667,81.9,2022/07/05,25.3,17.3,2,55,2.3
ORDINSK,54.3667,81.9,2022/07/06,20.6,14.2,9,88,1.5
ORDINSK,54.3667,81.9,2022/07/07,24.9,12.6,1.1,87,1.3
ORDINSK,54.3667,81.9,2022/07/08,26.4,13.9,0,83,1.6
ORDINSK,54.3667,81.9,2022/07/09,27.8,15.3,0,62,3
ORDINSK,54.3667,81.9,2022/07/10,29,17,0,60,3
ORDINSK,54.3667,81.9,2022/07/11,30.2,16.6,0,68,2
ORDINSK,54.3667,81.9,2022/07/12,26.8,15,0,53,3.3
ORDINSK,54.3667,81.9,2022/07/13,20.5,12.2,0,62,2.9
ORDINSK,54.3667,81.9,2022/07/14,23.2,7.3,0,71,1.3
ORDINSK,54.3667,81.9,2022/07/15,22.8,14.3,0.4,55,1.6
ORDINSK,54.3667,81.9,2022/07/16,26.5,8.5,0,78,1.1
ORDINSK,54.3667,81.9,2022/07/17,25.1,11.4,0,59,2.1

ORDINSK,54.3667,81.9,2022/01,-9.6,-20.4,10.6,77.2,1.4
ORDINSK,54.3667,81.9,2022/02,-6.4,-17.4,11.4,74.1,1.9
ORDINSK,54.3667,81.9,2022/03,-3.2,-12.7,9.9,68,3
ORDINSK,54.3667,81.9,2022/04,12.8,-1.1,9.3,54.8,2.1