SEVERN,56.35,78.35,2022/05/01,9.2,2,0,59,3
SEVERN,56.35,78.35,2022/05/02,13.5,2.5,0,47,2.1
SEVERN,56.35,78.35,2022/05/03,11.3,0.6,0,50,1.8
SEVERN,56.35,78.35,2022/05/04,14.2,-3.1,0,44,1.4
SEVERN,56.35,78.35,2022/05/05,16.9,-1.1,0,55,0.8
SEVERN,56.35,78.35,2022/05/06,21.1,2.7,0,40,4.5
SEVERN,56.35,78.35,2022/05/07,8,1.3,0,39,4
SEVERN,56.35,78.35,2022/05/08,10.5,-6,0,39,1.4
SEVERN,56.35,78.35,2022/05/09,19.1,1.3,0,55,1.1
SEVERN,56.35,78.35,2022/05/10,19.4,0.4,0,51,2.4
SEVERN,56.35,78.35,2022/05/11,18.8,4.7,0,38,3.3
SEVERN,56.35,78.35,2022/05/12,23.4,2.1,0,30,0.5
SEVERN,56.35,78.35,2022/05/13,24.4,1.2,0,48,0.5
SEVERN,56.35,78.35,2022/05/14,26.9,3.9,0,48,2.1
SEVERN,56.35,78.35,2022/05/15,24.1,9,0,53,1.9
SEVERN,56.35,78.35,2022/05/16,24.1,4.5,0,65,2.6
SEVERN,56.35,78.35,2022/05/17,25.4,11,0.3,69,4.8
SEVERN,56.35,78.35,2022/05/18,23.9,10.6,0,42,2.8
SEVERN,56.35,78.35,2022/05/19,20.8,12,8,60,2.5
SEVERN,56.35,78.35,2022/05/20,20.6,8.9,0,46,6
SEVERN,56.35,78.35,2022/05/21,24.1,3.5,3,83,2.6
SEVERN,56.35,78.35,2022/05/22,29.1,13.8,0,51,4.6
SEVERN,56.35,78.35,2022/05/23,19.2,7,0.7,67,5
SEVERN,56.35,78.35,2022/05/24,26.6,13.7,0,35,3.1
SEVERN,56.35,78.35,2022/05/25,29,7.8,0,76,1.1
SEVERN,56.35,78.35,2022/05/26,26.3,13.9,0,61,2.3
SEVERN,56.35,78.35,2022/05/27,25.5,8.7,0,55,3
SEVERN,56.35,78.35,2022/05/28,22.6,10.1,0,46,1.4
SEVERN,56.35,78.35,2022/05/29,23.5,9.9,0,65,0.8
SEVERN,56.35,78.35,2022/05/30,22.7,12.1,0,54,1.9
SEVERN,56.35,78.35,2022/05/31,16.2,6.6,3,67,1
SEVERN,56.35,78.35,2022/06/01,16.8,8.8,2,89,1.8
SEVERN,56.35,78.35,2022/06/02,13.7,4.7,3,80,1.6
SEVERN,56.35,78.35,2022/06/03,10.3,0.9,0,57,2
SEVERN,56.35,78.35,2022/06/04,10.3,-1.6,0,74,0.8
SEVERN,56.35,78.35,2022/06/05,10,0.4,0.3,65,1.4
SEVERN,56.35,78.35,2022/06/06,16.6,-2,0,75,1.4
SEVERN,56.35,78.35,2022/06/07,20.8,6.5,2,58,2.5
SEVERN,56.35,78.35,2022/06/08,19.7,4.1,0,62,2.9
SEVERN,56.35,78.35,2022/06/09,18.9,10.3,0.9,51,4.9
SEVERN,56.35,78.35,2022/06/10,23.2,12.9,0,48,3
SEVERN,56.35,78.35,2022/06/11,27.6,14.9,10,57,3
SEVERN,56.35,78.35,2022/06/12,24.9,11.7,7,70,2.8
SEVERN,56.35,78.35,2022/06/13,26.6,8.7,0,87,1.8
SEVERN,56.35,78.35,2022/06/14,24.1,11.9,0.9,79,1.4
SEVERN,56.35,78.35,2022/06/15,17.4,12.2,5,86,2.8
SEVERN,56.35,78.35,2022/06/16,19,12.3,0.6,77,1.8
SEVERN,56.35,78.35,2022/06/17,17.9,12.7,12,79,1.8
SEVERN,56.35,78.35,2022/06/18,23.1,13.4,7,89,0.5
SEVERN,56.35,78.35,2022/06/19,24.5,14.3,19,90,1.6
SEVERN,56.35,78.35,2022/06/20,27.3,11.9,9,83,0.8
SEVERN,56.35,78.35,2022/06/21,26.4,11.9,0,85,1.9
SEVERN,56.35,78.35,2022/06/22,22.9,16.8,11.3,68,4
SEVERN,56.35,78.35,2022/06/23,21.7,15.3,19,62,3
SEVERN,56.35,78.35,2022/06/24,26.5,14,1,83,1.8
SEVERN,56.35,78.35,2022/06/25,25.1,13.8,3,90,1.9
SEVERN,56.35,78.35,2022/06/26,23.6,16.9,4,84,1.4
SEVERN,56.35,78.35,2022/06/27,19.7,10.2,2,81,1.6
SEVERN,56.35,78.35,2022/06/28,17,12.1,1,76,3.4
SEVERN,56.35,78.35,2022/06/29,25.4,10.1,4,74,2.9
SEVERN,56.35,78.35,2022/06/30,11.6,9.2,15,84,7.3
SEVERN,56.35,78.35,2022/07/01,15.4,9.2,5,89,3.5
SEVERN,56.35,78.35,2022/07/02,18.4,12.2,3.8,89,1.5
SEVERN,56.35,78.35,2022/07/03,19.8,6.6,0,83,1.4
SEVERN,56.35,78.35,2022/07/04,24.7,7.2,0,84,1.4
SEVERN,56.35,78.35,2022/07/05,23,15,1,76,2.3
SEVERN,56.35,78.35,2022/07/06,23,15.8,12,86,1.4
SEVERN,56.35,78.35,2022/07/07,25.6,13.1,1,97,1.3
SEVERN,56.35,78.35,2022/07/08,26.8,11.1,0,83,1.4
SEVERN,56.35,78.35,2022/07/09,28.6,12.1,0,84,1.8
SEVERN,56.35,78.35,2022/07/10,30.1,12.7,0,83,1
SEVERN,56.35,78.35,2022/07/11,27,18.7,0,80,1.6
SEVERN,56.35,78.35,2022/07/12,25.4,11.6,0,75,1.8
SEVERN,56.35,78.35,2022/07/13,19.1,9.4,0.5,75,0.9
SEVERN,56.35,78.35,2022/07/14,22.5,5.2,0,93,1.3
SEVERN,56.35,78.35,2022/07/15,22.5,12.6,0.5,87,1.9
SEVERN,56.35,78.35,2022/07/16,23.4,12.3,0,89,0.8
SEVERN,56.35,78.35,2022/07/17,22.8,14.1,2.4,85,2.5

SEVERN,56.35,78.35,2022/01,-10,-19.1,13.5,73.2,3
SEVERN,56.35,78.35,2022/02,-6.8,-16.4,13.4,68.2,3
SEVERN,56.35,78.35,2022/03,-3.4,-15.1,21.6,61.4,3.3
SEVERN,56.35,78.35,2022/04,12.1,-0.7,15.1,49.1,2.6