SUSUN,53.7667,82.3167,2022/05/01,28.6,3,0,46,1.6
SUSUN,53.7667,82.3167,2022/05/02,20.5,13.1,1,57,3.1
SUSUN,53.7667,82.3167,2022/05/03,13,-2,0,76,2.5
SUSUN,53.7667,82.3167,2022/05/04,15,-4.6,0,72,1
SUSUN,53.7667,82.3167,2022/05/05,18.3,0.5,0,75,1.1
SUSUN,53.7667,82.3167,2022/05/06,24.3,1,0,63,1.4
SUSUN,53.7667,82.3167,2022/05/07,11.8,6.5,0,49,4.5
SUSUN,53.7667,82.3167,2022/05/08,12.2,-4.6,0,44,2.3
SUSUN,53.7667,82.3167,2022/05/09,15.3,-2.4,0,81,1.3
SUSUN,53.7667,82.3167,2022/05/10,18.4,-1.7,0,57,2
SUSUN,53.7667,82.3167,2022/05/11,20.4,2.7,0,43,1.9
SUSUN,53.7667,82.3167,2022/05/12,24.7,0.3,0,66,1
SUSUN,53.7667,82.3167,2022/05/13,26.3,3.2,0,56,1.1
SUSUN,53.7667,82.3167,2022/05/14,30,4.6,0,65,0.9
SUSUN,53.7667,82.3167,2022/05/15,22.9,10.8,0,47,1.6
SUSUN,53.7667,82.3167,2022/05/16,27.1,6.7,0,83,1.6
SUSUN,53.7667,82.3167,2022/05/17,30.6,9.7,0,68,1.8
SUSUN,53.7667,82.3167,2022/05/18,27,10.8,0,68,1
SUSUN,53.7667,82.3167,2022/05/19,28.6,12.6,0,61,1.9
SUSUN,53.7667,82.3167,2022/05/20,24,5.9,0,69,3.5
SUSUN,53.7667,82.3167,2022/05/21,29.7,8.1,0,57,1.1
SUSUN,53.7667,82.3167,2022/05/22,28,12.5,0,43,1
SUSUN,53.7667,82.3167,2022/05/23,21.3,9.5,0.8,74,2.9
SUSUN,53.7667,82.3167,2022/05/24,26.8,2.7,0,77,2.3
SUSUN,53.7667,82.3167,2022/05/25,28.3,12.4,0,54,3.1
SUSUN,53.7667,82.3167,2022/05/26,29.7,13.6,0,60,3
SUSUN,53.7667,82.3167,2022/05/27,27.6,10.1,0,47,2.8
SUSUN,53.7667,82.3167,2022/05/28,29,8.1,0,67,0.6
SUSUN,53.7667,82.3167,2022/05/29,20.6,14,0.9,64,1.4
SUSUN,53.7667,82.3167,2022/05/30,28.4,6.3,0,75,2.9
SUSUN,53.7667,82.3167,2022/05/31,28,6.3,0,56,1.3
SUSUN,53.7667,82.3167,2022/06/01,21.4,11,4,84,2.4
SUSUN,53.7667,82.3167,2022/06/02,15.6,8.2,5,98,3.8
SUSUN,53.7667,82.3167,2022/06/03,14.9,1.7,0,75,2.1
SUSUN,53.7667,82.3167,2022/06/04,12.7,5.6,7,94,2
SUSUN,53.7667,82.3167,2022/06/05,11.6,-2,0,89,0.8
SUSUN,53.7667,82.3167,2022/06/06,16.8,4.7,0,82,1.6
SUSUN,53.7667,82.3167,2022/06/07,21.2,1,0,86,0.6
SUSUN,53.7667,82.3167,2022/06/08,21.9,6.4,0,75,1.6
SUSUN,53.7667,82.3167,2022/06/09,24.6,10.1,0,64,1.4
SUSUN,53.7667,82.3167,2022/06/10,31.2,12,0,54,1.6
SUSUN,53.7667,82.3167,2022/06/11,31.8,12.5,0,62,1.4
SUSUN,53.7667,82.3167,2022/06/12,28.9,11.1,0,59,2.4
SUSUN,53.7667,82.3167,2022/06/13,32.6,11.8,0,76,1.3
SUSUN,53.7667,82.3167,2022/06/14,29.8,12.5,0,80,1.1
SUSUN,53.7667,82.3167,2022/06/15,24.3,13.2,4,82,2.5
SUSUN,53.7667,82.3167,2022/06/16,22,12.3,0.9,83,1.8
SUSUN,53.7667,82.3167,2022/06/17,21.5,10,4,89,1.9
SUSUN,53.7667,82.3167,2022/06/18,21,8.6,7.5,93,1.8
SUSUN,53.7667,82.3167,2022/06/19,22.2,9.6,2,93,0.8
SUSUN,53.7667,82.3167,2022/06/20,23.8,9.9,3,95,1.3
SUSUN,53.7667,82.3167,2022/06/21,26.3,10.5,0,66,0.9
SUSUN,53.7667,82.3167,2022/06/22,27.1,16.5,2,80,2.3
SUSUN,53.7667,82.3167,2022/06/23,28.3,14.9,0,71,2.8
SUSUN,53.7667,82.3167,2022/06/24,27.1,11.9,0,77,2.1
SUSUN,53.7667,82.3167,2022/06/25,32.2,12.8,0,90,2
SUSUN,53.7667,82.3167,2022/06/26,36.1,17.1,0,75,2.1
SUSUN,53.7667,82.3167,2022/06/27,22.7,16.8,17,63,1.4
SUSUN,53.7667,82.3167,2022/06/28,20.5,10.9,7,64,3.3
SUSUN,53.7667,82.3167,2022/06/29,27.5,7.8,0,93,1.1
SUSUN,53.7667,82.3167,2022/06/30,19.7,9.5,2,73,3.8
SUSUN,53.7667,82.3167,2022/07/01,22,8.5,0,71,3
SUSUN,53.7667,82.3167,2022/07/02,19.9,13.7,1,70,2.6
SUSUN,53.7667,82.3167,2022/07/03,22.5,8.6,0,96,1.6
SUSUN,53.7667,82.3167,2022/07/04,24.6,7.7,0,93,1
SUSUN,53.7667,82.3167,2022/07/05,25,13.2,11,70,1.1
SUSUN,53.7667,82.3167,2022/07/06,19.6,12.4,11,97,0.9
SUSUN,53.7667,82.3167,2022/07/07,24.7,15.9,3,97,1.3
SUSUN,53.7667,82.3167,2022/07/08,25.7,14.6,1,89,1.3
SUSUN,53.7667,82.3167,2022/07/09,27.6,13.3,4,93,2
SUSUN,53.7667,82.3167,2022/07/10,28.3,13.9,0,77,2.5
SUSUN,53.7667,82.3167,2022/07/11,29.9,16,0,70,1.9
SUSUN,53.7667,82.3167,2022/07/12,27,14.4,0,61,4.3
SUSUN,53.7667,82.3167,2022/07/13,20.7,12.9,0,71,3.1
SUSUN,53.7667,82.3167,2022/07/14,22.5,7.8,0,74,0.9
SUSUN,53.7667,82.3167,2022/07/15,21,12.1,4.3,85,0.8
SUSUN,53.7667,82.3167,2022/07/16,24.6,8,0,95,0.8
SUSUN,53.7667,82.3167,2022/07/17,25.8,11.4,0,82,1.8

SUSUN,53.7667,82.2,2022/01,-8.5,-20.6,26.2,85.4,0.9
SUSUN,53.7667,82.2,2022/02,-5.5,-18,16.8,82.2,1.5
SUSUN,53.7667,82.2,2022/03,-2,-12.4,20,73.4,2.8
SUSUN,53.7667,82.2,2022/04,13.2,-1.6,14.1,62.6,1.8