TATARSK,55.2167,76.0167,2022/05/01,12.2,5.1,0,62,5.8
TATARSK,55.2167,76.0167,2022/05/02,14.1,3.2,0,55,3.4
TATARSK,55.2167,76.0167,2022/05/03,13,-0.9,0,60,4.6
TATARSK,55.2167,76.0167,2022/05/04,16.5,-3.1,0,59,1.4
TATARSK,55.2167,76.0167,2022/05/05,18.7,3.7,0,42,2.5
TATARSK,55.2167,76.0167,2022/05/06,23.6,4.5,0,39,4.3
TATARSK,55.2167,76.0167,2022/05/07,8.1,1.6,0,46,6.1
TATARSK,55.2167,76.0167,2022/05/08,15.8,-4.4,0,48,2.6
TATARSK,55.2167,76.0167,2022/05/09,20.6,4.4,0,49,1.4
TATARSK,55.2167,76.0167,2022/05/10,19.9,3.6,0,58,3.5
TATARSK,55.2167,76.0167,2022/05/11,18.4,7.3,0,37,4.6
TATARSK,55.2167,76.0167,2022/05/12,23,6.7,0,32,2
TATARSK,55.2167,76.0167,2022/05/13,23.6,4.8,0,54,1.5
TATARSK,55.2167,76.0167,2022/05/14,27,9.6,0,40,3.1
TATARSK,55.2167,76.0167,2022/05/15,23.8,7.4,0,61,2.4
TATARSK,55.2167,76.0167,2022/05/16,25.8,6.4,0,63,3
TATARSK,55.2167,76.0167,2022/05/17,25.7,13.6,1,75,4
TATARSK,55.2167,76.0167,2022/05/18,24.3,8.6,0,54,2.6
TATARSK,55.2167,76.0167,2022/05/19,21.2,12.6,8,70,3.4
TATARSK,55.2167,76.0167,2022/05/20,20.5,9.9,0,47,4.4
TATARSK,55.2167,76.0167,2022/05/21,30.5,4.3,0.8,72,3.3
TATARSK,55.2167,76.0167,2022/05/22,30.6,17.4,0,30,5
TATARSK,55.2167,76.0167,2022/05/23,20.8,6.4,0.3,60,4.5
TATARSK,55.2167,76.0167,2022/05/24,27.8,11.9,0,37,2.5
TATARSK,55.2167,76.0167,2022/05/25,28.6,8.5,0,57,1.9
TATARSK,55.2167,76.0167,2022/05/26,29,13.4,0,57,3.3
TATARSK,55.2167,76.0167,2022/05/27,27.4,13.8,0,50,4.9
TATARSK,55.2167,76.0167,2022/05/28,21.6,10.3,0,56,2.5
TATARSK,55.2167,76.0167,2022/05/29,25.2,10.3,0,55,2.3
TATARSK,55.2167,76.0167,2022/05/30,24.3,14.7,0,42,3.3
TATARSK,55.2167,76.0167,2022/05/31,18.9,12.8,1,54,1.3
TATARSK,55.2167,76.0167,2022/06/01,14.7,6.9,7,80,3
TATARSK,55.2167,76.0167,2022/06/02,16.3,4.7,0,62,2.9
TATARSK,55.2167,76.0167,2022/06/03,12.8,4.3,0,59,1.8
TATARSK,55.2167,76.0167,2022/06/04,14.4,1.3,0,61,1.8
TATARSK,55.2167,76.0167,2022/06/05,13.6,3.1,0,57,2.5
TATARSK,55.2167,76.0167,2022/06/06,19.5,-2.5,0,71,1.4
TATARSK,55.2167,76.0167,2022/06/07,24.4,8.9,0,50,1.9
TATARSK,55.2167,76.0167,2022/06/08,17.1,11,2.5,55,4.8
TATARSK,55.2167,76.0167,2022/06/09,20.4,15.6,0,64,5.9
TATARSK,55.2167,76.0167,2022/06/10,26.3,13.3,0.4,64,3
TATARSK,55.2167,76.0167,2022/06/11,30.2,16,0,56,3.3
TATARSK,55.2167,76.0167,2022/06/12,27.6,10.7,0,45,3.5
TATARSK,55.2167,76.0167,2022/06/13,27.6,10,0,53,2
TATARSK,55.2167,76.0167,2022/06/14,24.8,13.6,2,72,1.9
TATARSK,55.2167,76.0167,2022/06/15,17.7,11.2,0,82,2.9
TATARSK,55.2167,76.0167,2022/06/16,22,12.3,0,79,2.6
TATARSK,55.2167,76.0167,2022/06/17,19.9,13.2,1,59,1.9
TATARSK,55.2167,76.0167,2022/06/18,24.8,10.8,0,81,2.4
TATARSK,55.2167,76.0167,2022/06/19,25.9,14.6,0,77,2.4
TATARSK,55.2167,76.0167,2022/06/20,29,9.8,0,75,0.9
TATARSK,55.2167,76.0167,2022/06/21,28.5,15.2,0.7,59,3.6
TATARSK,55.2167,76.0167,2022/06/22,24.1,11.9,4,75,4.6
TATARSK,55.2167,76.0167,2022/06/23,23.3,14.2,0.4,59,3.8
TATARSK,55.2167,76.0167,2022/06/24,29.8,13.9,0,71,2.6
TATARSK,55.2167,76.0167,2022/06/25,28.2,16.7,0.7,66,2.3
TATARSK,55.2167,76.0167,2022/06/26,25.9,16.9,6,88,2.6
TATARSK,55.2167,76.0167,2022/06/27,18.2,12.4,3,68,2.6
TATARSK,55.2167,76.0167,2022/06/28,18,11.2,0,70,3.5
TATARSK,55.2167,76.0167,2022/06/29,17.4,12.4,4,70,2.5
TATARSK,55.2167,76.0167,2022/06/30,13.4,8.6,11,84,5.6
TATARSK,55.2167,76.0167,2022/07/01,13,10.4,1,72,3.6
TATARSK,55.2167,76.0167,2022/07/02,21.8,10.3,0,84,3.1
TATARSK,55.2167,76.0167,2022/07/03,23,8.9,0,71,1.5
TATARSK,55.2167,76.0167,2022/07/04,23.5,7.1,0.5,78,1.5
TATARSK,55.2167,76.0167,2022/07/05,21,16,4.8,74,2
TATARSK,55.2167,76.0167,2022/07/06,24.8,12.8,22,88,2
TATARSK,55.2167,76.0167,2022/07/07,24.3,15,1.3,93,1.5
TATARSK,55.2167,76.0167,2022/07/08,27,13.6,0,85,3.8
TATARSK,55.2167,76.0167,2022/07/09,29.5,17.1,0,66,2.8
TATARSK,55.2167,76.0167,2022/07/10,30.5,15.7,0,70,2.3
TATARSK,55.2167,76.0167,2022/07/11,31,17.6,0,63,3
TATARSK,55.2167,76.0167,2022/07/12,28.4,15,0,59,3
TATARSK,55.2167,76.0167,2022/07/13,23.2,12.7,0.4,61,2.3
TATARSK,55.2167,76.0167,2022/07/14,24,11.5,0.6,92,2.5
TATARSK,55.2167,76.0167,2022/07/15,20,17.1,4,89,2.3
TATARSK,55.2167,76.0167,2022/07/16,25.5,10,0,85,2.3
TATARSK,55.2167,76.0167,2022/07/17,23.7,13.2,0,68,3.8

TATARSK,55.2167,76.0167,2022/01,-10.5,-18.8,14.4,77.7,2.7
TATARSK,55.2167,76.0167,2022/02,-7.9,-16.2,13.6,75,2.8
TATARSK,55.2167,76.0167,2022/03,-4,-13.6,16.3,68.2,3.4
TATARSK,55.2167,76.0167,2022/04,13.5,0.7,6.2,51.6,2.8