TOGUCHI,55.2167,84.3667,2022/05/01,16,7.5,0,39,3.4						01.05.2022
TOGUCHI,55.2167,84.3667,2022/05/02,18.2,6.4,6,62,3.4						02.05.2022
TOGUCHI,55.2167,84.3667,2022/05/03,11.2,-1.6,0,73,3						03.05.2022
TOGUCHI,55.2167,84.3667,2022/05/04,13.1,-4.5,0,56,1.5						04.05.2022
TOGUCHI,55.2167,84.3667,2022/05/05,16.7,-2.3,0,40,0.9						05.05.2022
TOGUCHI,55.2167,84.3667,2022/05/06,21.3,-1.4,0,41,1.4						06.05.2022
TOGUCHI,55.2167,84.3667,2022/05/07,10.7,7,0,25,5.8						07.05.2022
TOGUCHI,55.2167,84.3667,2022/05/08,9.8,-1.4,0,36,3.4						08.05.2022
TOGUCHI,55.2167,84.3667,2022/05/09,14,-2.2,0,62,1.3						09.05.2022
TOGUCHI,55.2167,84.3667,2022/05/10,16.4,-3.1,0,46,1.8						10.05.2022
TOGUCHI,55.2167,84.3667,2022/05/11,18.5,0.7,0,28,2.9						11.05.2022
TOGUCHI,55.2167,84.3667,2022/05/12,24,1.2,0,28,1.8						12.05.2022
TOGUCHI,55.2167,84.3667,2022/05/13,26.8,1.9,0,34,0.6						13.05.2022
TOGUCHI,55.2167,84.3667,2022/05/14,28.9,5.1,0,38,2.1						14.05.2022
TOGUCHI,55.2167,84.3667,2022/05/15,29.4,10.7,0,44,2.4						15.05.2022
TOGUCHI,55.2167,84.3667,2022/05/16,25.7,13.4,0,68,2.8						16.05.2022
TOGUCHI,55.2167,84.3667,2022/05/17,29.6,11.7,0,45,3						17.05.2022
TOGUCHI,55.2167,84.3667,2022/05/18,25.4,15.3,0,34,2.3						18.05.2022
TOGUCHI,55.2167,84.3667,2022/05/19,29.8,11.5,3,56,1.8						19.05.2022
TOGUCHI,55.2167,84.3667,2022/05/20,22.8,11.4,7,74,2.6						20.05.2022
TOGUCHI,55.2167,84.3667,2022/05/21,26.4,14.5,0.4,40,2.5						21.05.2022
TOGUCHI,55.2167,84.3667,2022/05/22,29.1,10.3,0,59,2.8						22.05.2022
TOGUCHI,55.2167,84.3667,2022/05/23,20.7,13.2,0,57,3.4						23.05.2022
TOGUCHI,55.2167,84.3667,2022/05/24,25.3,4,0,63,2						24.05.2022
TOGUCHI,55.2167,84.3667,2022/05/25,27.4,11,0,47,2.8						25.05.2022
TOGUCHI,55.2167,84.3667,2022/05/26,24.8,15.4,0,51,3.1						26.05.2022
TOGUCHI,55.2167,84.3667,2022/05/27,24,11.6,0,47,3.5						27.05.2022
TOGUCHI,55.2167,84.3667,2022/05/28,25.2,8.7,0,55,1.6						28.05.2022
TOGUCHI,55.2167,84.3667,2022/05/29,22,9.5,1,62,1						29.05.2022
TOGUCHI,55.2167,84.3667,2022/05/30,24.8,10.9,0,68,3.5						30.05.2022
TOGUCHI,55.2167,84.3667,2022/05/31,22.7,8.5,0,51,1.6						31.05.2022
TOGUCHI,55.2167,84.3667,2022/06/01,20.5,13.7,8,74,2.6						01.06.2022
TOGUCHI,55.2167,84.3667,2022/06/02,12.3,8.4,14,94,3.6						02.06.2022
TOGUCHI,55.2167,84.3667,2022/06/03,11.6,3.6,2.4,67,2.9						03.06.2022
TOGUCHI,55.2167,84.3667,2022/06/04,10.5,-0.3,0,63,2.3						04.06.2022
TOGUCHI,55.2167,84.3667,2022/06/05,14.8,2.2,0,71,1.4						05.06.2022
TOGUCHI,55.2167,84.3667,2022/06/06,14.8,4,1,74,3						06.06.2022
TOGUCHI,55.2167,84.3667,2022/06/07,19.5,2.2,0,73,1.5						07.06.2022
TOGUCHI,55.2167,84.3667,2022/06/08,16.9,7.8,1,90,1.9						08.06.2022
TOGUCHI,55.2167,84.3667,2022/06/09,21.4,4.6,0,68,2.3						09.06.2022
TOGUCHI,55.2167,84.3667,2022/06/10,27.8,10.1,0,56,2.4						10.06.2022
TOGUCHI,55.2167,84.3667,2022/06/11,32.4,10.5,0,57,1.4						11.06.2022
TOGUCHI,55.2167,84.3667,2022/06/12,28.1,16.6,0,53,2.6						12.06.2022
TOGUCHI,55.2167,84.3667,2022/06/13,31.1,13.3,0,59,1.9						13.06.2022
TOGUCHI,55.2167,84.3667,2022/06/14,30.3,15.9,0,65,2						14.06.2022
TOGUCHI,55.2167,84.3667,2022/06/15,24.3,15,0.4,80,2						15.06.2022
TOGUCHI,55.2167,84.3667,2022/06/16,21.5,12.5,0.1,77,1.5						16.06.2022
TOGUCHI,55.2167,84.3667,2022/06/17,21.2,11.2,3.3,83,2						17.06.2022
TOGUCHI,55.2167,84.3667,2022/06/18,20.5,13.4,13,93,2.1						18.06.2022
TOGUCHI,55.2167,84.3667,2022/06/19,22.8,14,1.1,91,1.1						19.06.2022
TOGUCHI,55.2167,84.3667,2022/06/20,22.9,11.6,0.5,93,0.6						20.06.2022
TOGUCHI,55.2167,84.3667,2022/06/21,25.5,10.4,0,91,1.3						21.06.2022
TOGUCHI,55.2167,84.3667,2022/06/22,26.5,15.5,0,78,2.4						22.06.2022
TOGUCHI,55.2167,84.3667,2022/06/23,26.2,15.2,8,75,2.5						23.06.2022
TOGUCHI,55.2167,84.3667,2022/06/24,24.5,11.7,6,94,2.5						24.06.2022
TOGUCHI,55.2167,84.3667,2022/06/25,29.3,17.9,0,74,2.5						25.06.2022
TOGUCHI,55.2167,84.3667,2022/06/26,31.6,17.9,0,77,2.6						26.06.2022
TOGUCHI,55.2167,84.3667,2022/06/27,26.1,16.8,6,77,2.1						27.06.2022
TOGUCHI,55.2167,84.3667,2022/06/28,20.4,12.6,2,90,3.1						28.06.2022
TOGUCHI,55.2167,84.3667,2022/06/29,25.7,13.6,0.4,80,2						29.06.2022
TOGUCHI,55.2167,84.3667,2022/06/30,19.4,12.3,2,62,2.9						30.06.2022
TOGUCHI,55.2167,84.3667,2022/07/01,17.6,10.1,0,63,2.1						01.07.2022
TOGUCHI,55.2167,84.3667,2022/07/02,19.3,12.3,2,76,2.8						02.07.2022
TOGUCHI,55.2167,84.3667,2022/07/03,21.1,12.5,11,79,1.8						03.07.2022
TOGUCHI,55.2167,84.3667,2022/07/04,23.6,11.7,0,83,1.3						04.07.2022
TOGUCHI,55.2167,84.3667,2022/07/05,26.3,11.1,0,78,1.4						05.07.2022
TOGUCHI,55.2167,84.3667,2022/07/06,22.1,14.5,2.4,86,1.6						06.07.2022
TOGUCHI,55.2167,84.3667,2022/07/07,24.5,12.4,3,90,1.8						07.07.2022
TOGUCHI,55.2167,84.3667,2022/07/08,25.8,13.3,0.3,89,1.6						08.07.2022
TOGUCHI,55.2167,84.3667,2022/07/09,27.5,11.4,0,75,2.5						09.07.2022
TOGUCHI,55.2167,84.3667,2022/07/10,29,13.8,0,72,2.1						10.07.2022
TOGUCHI,55.2167,84.3667,2022/07/11,27.8,16.1,0,76,2.3						11.07.2022
TOGUCHI,55.2167,84.3667,2022/07/12,26,12.6,0,63,2.9						12.07.2022
TOGUCHI,55.2167,84.3667,2022/07/13,20.7,10.8,0,69,2.9						13.07.2022
TOGUCHI,55.2167,84.3667,2022/07/14,21.9,7.4,0,70,1.6						14.07.2022
TOGUCHI,55.2167,84.3667,2022/07/15,23.7,9.7,0,71,0.6						15.07.2022
TOGUCHI,55.2167,84.3667,2022/07/16,24.9,8.2,1,78,0.8						16.07.2022
TOGUCHI,55.2167,84.3667,2022/07/17,23.8,8.7,0.3,89,2						17.07.2022
						
TOGUCHI,55.2167,84.3667,2022/01,-10.1,-19.3,16.2,78.6,1.5						
TOGUCHI,55.2167,84.3667,2022/02,-6.1,-16.2,13.2,73.5,1.7						
TOGUCHI,55.2167,84.3667,2022/03,-2.5,-12.8,17,65.5,2.6						
TOGUCHI,55.2167,84.3667,2022/04,11.8,-0.6,16.5,54,2.3						
