UBINSK,55.3,79.6333,2022/05/01,11,4.1,0,63,6.5
UBINSK,55.3,79.6333,2022/05/02,13.5,3.5,0,64,5
UBINSK,55.3,79.6333,2022/05/03,10.5,-0.1,0,55,4.4
UBINSK,55.3,79.6333,2022/05/04,15.9,-1.7,0,66,1.5
UBINSK,55.3,79.6333,2022/05/05,18.6,-0.7,0,65,1.9
UBINSK,55.3,79.6333,2022/05/06,22.1,1.9,0,64,4.3
UBINSK,55.3,79.6333,2022/05/07,8.2,2,0,38,8.1
UBINSK,55.3,79.6333,2022/05/08,11.5,-6.9,0,49,3.4
UBINSK,55.3,79.6333,2022/05/09,16.7,4.1,0,63,2.4
UBINSK,55.3,79.6333,2022/05/10,18.3,0.6,0,68,2.6
UBINSK,55.3,79.6333,2022/05/11,19.2,3.4,0,48,3.9
UBINSK,55.3,79.6333,2022/05/12,22.6,4.2,0,40,2
UBINSK,55.3,79.6333,2022/05/13,25,2,0,63,1
UBINSK,55.3,79.6333,2022/05/14,27.4,6.4,0,60,2
UBINSK,55.3,79.6333,2022/05/15,25.7,9,0,66,2.6
UBINSK,55.3,79.6333,2022/05/16,27.1,6.2,0,66,3.4
UBINSK,55.3,79.6333,2022/05/17,29.3,10.9,4,95,5.4
UBINSK,55.3,79.6333,2022/05/18,24.3,9.7,0,54,2.9
UBINSK,55.3,79.6333,2022/05/19,24,12.5,5,72,2.9
UBINSK,55.3,79.6333,2022/05/20,21.2,6.7,0,56,5.4
UBINSK,55.3,79.6333,2022/05/21,28.8,5.3,0,74,3.4
UBINSK,55.3,79.6333,2022/05/22,29,15.2,0,42,5.1
UBINSK,55.3,79.6333,2022/05/23,19.8,3.3,0.5,74,4.3
UBINSK,55.3,79.6333,2022/05/24,25.6,6.1,0,60,2.8
UBINSK,55.3,79.6333,2022/05/25,27.7,7.2,0,79,2.9
UBINSK,55.3,79.6333,2022/05/26,25.8,13.6,0,70,3.8
UBINSK,55.3,79.6333,2022/05/27,25.2,10.3,0,67,3.3
UBINSK,55.3,79.6333,2022/05/28,24.5,13.6,0,49,2.6
UBINSK,55.3,79.6333,2022/05/29,23.5,7.8,0,79,2
UBINSK,55.3,79.6333,2022/05/30,24.7,11.2,0,72,4.5
UBINSK,55.3,79.6333,2022/05/31,19.7,6.3,2,71,2.3
UBINSK,55.3,79.6333,2022/06/01,17.7,5.8,8.6,95,3.6
UBINSK,55.3,79.6333,2022/06/02,12.4,5.8,0.3,81,4.5
UBINSK,55.3,79.6333,2022/06/03,11.7,3.5,0,65,2.8
UBINSK,55.3,79.6333,2022/06/04,11.3,-3.1,0,63,2.6
UBINSK,55.3,79.6333,2022/06/05,13.5,0.7,0,79,2
UBINSK,55.3,79.6333,2022/06/06,17.2,-3.9,0,85,2.5
UBINSK,55.3,79.6333,2022/06/07,22.1,1.1,0.7,81,2.8
UBINSK,55.3,79.6333,2022/06/08,19.1,5.5,2,95,2.9
UBINSK,55.3,79.6333,2022/06/09,16.5,11.6,0.3,53,4.9
UBINSK,55.3,79.6333,2022/06/10,27.5,14.9,0,40,3.9
UBINSK,55.3,79.6333,2022/06/11,29.9,15.6,4,68,3.3
UBINSK,55.3,79.6333,2022/06/12,27,9.2,2.7,86,3.4
UBINSK,55.3,79.6333,2022/06/13,29.4,10,0,71,2.4
UBINSK,55.3,79.6333,2022/06/14,25.6,14.2,0,62,3.6
UBINSK,55.3,79.6333,2022/06/15,21.3,10.1,0,76,4
UBINSK,55.3,79.6333,2022/06/16,20.3,9.6,4,83,2.6
UBINSK,55.3,79.6333,2022/06/17,16.5,8.5,2,82,3.3
UBINSK,55.3,79.6333,2022/06/18,22.1,12.2,1.1,94,2.9
UBINSK,55.3,79.6333,2022/06/19,22.6,11.7,12,91,1.5
UBINSK,55.3,79.6333,2022/06/20,26.8,10.7,0,92,1
UBINSK,55.3,79.6333,2022/06/21,26.8,11.4,0,87,2.5
UBINSK,55.3,79.6333,2022/06/22,23.9,1.7,4.5,79,3.9
UBINSK,55.3,79.6333,2022/06/23,24.2,10.8,3,86,3.8
UBINSK,55.3,79.6333,2022/06/24,26.6,12.9,0,80,3
UBINSK,55.3,79.6333,2022/06/25,27.9,14.2,0,85,3.1
UBINSK,55.3,79.6333,2022/06/26,29.2,16.9,13,89,4.1
UBINSK,55.3,79.6333,2022/06/27,22.3,11.8,2,85,2.8
UBINSK,55.3,79.6333,2022/06/28,16.9,8.7,0,73,3.8
UBINSK,55.3,79.6333,2022/06/29,27.8,9.4,0,87,5
UBINSK,55.3,79.6333,2022/06/30,13.6,9.3,2.4,79,7
UBINSK,55.3,79.6333,2022/07/01,14.6,10,0.6,83,4.3
UBINSK,55.3,79.6333,2022/07/02,19,11.5,4,92,3.6
UBINSK,55.3,79.6333,2022/07/03,21,6.5,2.4,92,1.4
UBINSK,55.3,79.6333,2022/07/04,23.6,7.7,0,89,1.6
UBINSK,55.3,79.6333,2022/07/05,22.3,13.5,0.4,66,3.5
UBINSK,55.3,79.6333,2022/07/06,23.5,12.1,0,85,1.6
UBINSK,55.3,79.6333,2022/07/07,25.6,12.4,2,95,1.5
UBINSK,55.3,79.6333,2022/07/08,26,12,0,81,3.1
UBINSK,55.3,79.6333,2022/07/09,27.1,9.9,0,81,2.5
UBINSK,55.3,79.6333,2022/07/10,29.1,12.9,0,80,2.8
UBINSK,55.3,79.6333,2022/07/11,27.9,13.4,0,83,3.3
UBINSK,55.3,79.6333,2022/07/12,26.7,12.5,0,66,3.1
UBINSK,55.3,79.6333,2022/07/13,19.5,8.1,0.7,61,3
UBINSK,55.3,79.6333,2022/07/14,23.5,2.6,0,89,1.3
UBINSK,55.3,79.6333,2022/07/15,20.4,13,2,74,2.8
UBINSK,55.3,79.6333,2022/07/16,25.1,6.1,0,90,1.6
UBINSK,55.3,79.6333,2022/07/17,22.1,6.7,0,85,3.3

UBINSK,55.3,79.6333,2022/01,-10,-20.3,8.2,79.2,3.3
UBINSK,55.3,79.6333,2022/02,-7.1,-18,14.7,76.5,3.6
UBINSK,55.3,79.6333,2022/03,-4.1,-14.7,9.6,69.9,4.5
UBINSK,55.3,79.6333,2022/04,12.2,-1.5,12.5,56.8,3.2