UST_TAR,55.5667,75.6833,2022/05/01,11.7,3.2,0,72,5.5
UST_TAR,55.5667,75.6833,2022/05/02,14.2,2.6,0,61,5.4
UST_TAR,55.5667,75.6833,2022/05/03,13.1,-4.3,0,73,5.9
UST_TAR,55.5667,75.6833,2022/05/04,17,-7.6,0,75,1.6
UST_TAR,55.5667,75.6833,2022/05/05,19.5,-0.1,0,49,3
UST_TAR,55.5667,75.6833,2022/05/06,23.1,-0.5,0,53,5.1
UST_TAR,55.5667,75.6833,2022/05/07,8.6,0.4,0,55,10.9
UST_TAR,55.5667,75.6833,2022/05/08,17,-8.5,0,67,3.3
UST_TAR,55.5667,75.6833,2022/05/09,21,0.3,0,60,1.1
UST_TAR,55.5667,75.6833,2022/05/10,20.8,-1.6,0,70,2.9
UST_TAR,55.5667,75.6833,2022/05/11,19.5,5.9,0,43,4.8
UST_TAR,55.5667,75.6833,2022/05/12,22.4,8.1,0,29,1.8
UST_TAR,55.5667,75.6833,2022/05/13,24.5,1.5,0,76,1.1
UST_TAR,55.5667,75.6833,2022/05/14,27.3,3.6,0,66,2.4
UST_TAR,55.5667,75.6833,2022/05/15,24.1,5.6,0,65,2.8
UST_TAR,55.5667,75.6833,2022/05/16,26.1,2.4,0,82,4.1
UST_TAR,55.5667,75.6833,2022/05/17,25.4,4.7,0.7,91,5.1
UST_TAR,55.5667,75.6833,2022/05/18,24.6,6.3,0,59,2.8
UST_TAR,55.5667,75.6833,2022/05/19,21.5,12.8,4,76,4
UST_TAR,55.5667,75.6833,2022/05/20,20.3,9.8,0.4,59,6.4
UST_TAR,55.5667,75.6833,2022/05/21,30.6,0.2,0.7,91,3.5
UST_TAR,55.5667,75.6833,2022/05/22,30.4,17,0,42,6.6
UST_TAR,55.5667,75.6833,2022/05/23,20.5,6.1,0,82,5.9
UST_TAR,55.5667,75.6833,2022/05/24,28.1,12.4,0,52,2.5
UST_TAR,55.5667,75.6833,2022/05/25,28.9,6.8,0,77,2
UST_TAR,55.5667,75.6833,2022/05/26,29.2,8.7,0,76,3.3
UST_TAR,55.5667,75.6833,2022/05/27,28,15.6,0,54,5.3
UST_TAR,55.5667,75.6833,2022/05/28,22.2,8.8,0,70,4.4
UST_TAR,55.5667,75.6833,2022/05/29,25.4,6.4,0,77,3.4
UST_TAR,55.5667,75.6833,2022/05/30,24,9.9,0,59,4.9
UST_TAR,55.5667,75.6833,2022/05/31,17.3,11.9,4,76,1.9
UST_TAR,55.5667,75.6833,2022/06/01,14.9,6.3,5,95,4.1
UST_TAR,55.5667,75.6833,2022/06/02,16,0.9,0,79,5.1
UST_TAR,55.5667,75.6833,2022/06/03,12.7,3.2,0,70,3
UST_TAR,55.5667,75.6833,2022/06/04,13.5,-4,0,63,3
UST_TAR,55.5667,75.6833,2022/06/05,13.3,-0.6,0,73,4
UST_TAR,55.5667,75.6833,2022/06/06,19.6,-6.6,0,86,1.6
UST_TAR,55.5667,75.6833,2022/06/07,23.9,9.4,0,54,2.1
UST_TAR,55.5667,75.6833,2022/06/08,17.7,10.6,1.8,57,5
UST_TAR,55.5667,75.6833,2022/06/09,21.3,14.3,0,78,6.3
UST_TAR,55.5667,75.6833,2022/06/10,25.1,13,0,73,3.5
UST_TAR,55.5667,75.6833,2022/06/11,30.3,16.1,0,71,4.9
UST_TAR,55.5667,75.6833,2022/06/12,27.7,6.1,0.3,69,3.6
UST_TAR,55.5667,75.6833,2022/06/13,26.9,5.9,0,84,2.5
UST_TAR,55.5667,75.6833,2022/06/14,22,9.2,10,94,2.1
UST_TAR,55.5667,75.6833,2022/06/15,16.9,11.2,0.3,98,4.1
UST_TAR,55.5667,75.6833,2022/06/16,21.8,12.3,1,91,4
UST_TAR,55.5667,75.6833,2022/06/17,18,11.4,1,66,2.8
UST_TAR,55.5667,75.6833,2022/06/18,25.2,9.8,0,89,2.8
UST_TAR,55.5667,75.6833,2022/06/19,25.1,11.7,0,85,3
UST_TAR,55.5667,75.6833,2022/06/20,29.2,11.2,0,80,1.6
UST_TAR,55.5667,75.6833,2022/06/21,29,17.4,0,63,3.9
UST_TAR,55.5667,75.6833,2022/06/22,22.5,10.5,1,77,5.5
UST_TAR,55.5667,75.6833,2022/06/23,22.1,16,2.8,84,4
UST_TAR,55.5667,75.6833,2022/06/24,30,12.7,0,86,2.6
UST_TAR,55.5667,75.6833,2022/06/25,26.5,14.7,0.6,77,2.8
UST_TAR,55.5667,75.6833,2022/06/26,25.7,15.7,4,87,3.5
UST_TAR,55.5667,75.6833,2022/06/27,19.1,10.7,0.4,78,3.5
UST_TAR,55.5667,75.6833,2022/06/28,18.9,11.2,0,77,5.9
UST_TAR,55.5667,75.6833,2022/06/29,14.8,12.2,10,73,2.9
UST_TAR,55.5667,75.6833,2022/06/30,11.8,7.9,17,96,8.3
UST_TAR,55.5667,75.6833,2022/07/01,12.4,9.6,6.7,81,6.1
UST_TAR,55.5667,75.6833,2022/07/02,21.2,11.4,0,96,5
UST_TAR,55.5667,75.6833,2022/07/03,20.4,8.3,0,82,2.4
UST_TAR,55.5667,75.6833,2022/07/04,22.4,5,0.5,81,2
UST_TAR,55.5667,75.6833,2022/07/05,21.4,15,8.8,83,4.3
UST_TAR,55.5667,75.6833,2022/07/06,24,14.2,14,94,2.8
UST_TAR,55.5667,75.6833,2022/07/07,25,14.7,10,93,2.1
UST_TAR,55.5667,75.6833,2022/07/08,26.7,13.1,0.9,88,3.1
UST_TAR,55.5667,75.6833,2022/07/09,27.5,14.6,0,74,3.5
UST_TAR,55.5667,75.6833,2022/07/10,30.1,13.2,0,79,2.9
UST_TAR,55.5667,75.6833,2022/07/11,29,17.5,0,75,3.6
UST_TAR,55.5667,75.6833,2022/07/12,27.3,12.2,0,79,2.6
UST_TAR,55.5667,75.6833,2022/07/13,20.9,8.2,0.3,74,2.1
UST_TAR,55.5667,75.6833,2022/07/14,23.7,8.7,1.4,97,2
UST_TAR,55.5667,75.6833,2022/07/15,19.5,16.2,4,94,2.8
UST_TAR,55.5667,75.6833,2022/07/16,24.7,7,0,91,1.1
UST_TAR,55.5667,75.6833,2022/07/17,23.2,9.6,0,92,3.6

UST_TAR,55.5667,75.6833,2022/01,-10.8,-20.4,14,84.3,3
UST_TAR,55.5667,75.6833,2022/02,-8,-17.6,15.1,82.1,3.2
UST_TAR,55.5667,75.6833,2022/03,-4.4,-16.2,12.7,76.3,4
UST_TAR,55.5667,75.6833,2022/04,13.4,-0.8,11.7,62.4,3.5