VENGERO,55.6667,76.7167,2022/05/01,11.7,4.4,0,60,5.6
VENGERO,55.6667,76.7167,2022/05/02,13.4,3.2,0,50,4.1
VENGERO,55.6667,76.7167,2022/05/03,11.4,-0.1,0,58,4.8
VENGERO,55.6667,76.7167,2022/05/04,16.3,-3.2,0,65,1.3
VENGERO,55.6667,76.7167,2022/05/05,18.7,3.2,0,60,2.6
VENGERO,55.6667,76.7167,2022/05/06,23.1,5.4,0,51,5
VENGERO,55.6667,76.7167,2022/05/07,7.9,0.7,0,45,10.4
VENGERO,55.6667,76.7167,2022/05/08,14.7,-4.6,0,51,2.9
VENGERO,55.6667,76.7167,2022/05/09,20.9,3.2,0,68,1.5
VENGERO,55.6667,76.7167,2022/05/10,20.2,4.2,0,66,3.1
VENGERO,55.6667,76.7167,2022/05/11,19.8,4.9,0,38,3.8
VENGERO,55.6667,76.7167,2022/05/12,23.7,8.2,0,35,2
VENGERO,55.6667,76.7167,2022/05/13,24.3,7.1,0,58,1.1
VENGERO,55.6667,76.7167,2022/05/14,26.8,7.8,1,53,3.4
VENGERO,55.6667,76.7167,2022/05/15,24.1,8,0,68,3.5
VENGERO,55.6667,76.7167,2022/05/16,25,6.5,0,75,3.4
VENGERO,55.6667,76.7167,2022/05/17,25.6,12.4,2,80,5.4
VENGERO,55.6667,76.7167,2022/05/18,24,7.6,0,60,3.4
VENGERO,55.6667,76.7167,2022/05/19,21.4,12.5,12,70,4.5
VENGERO,55.6667,76.7167,2022/05/20,20.1,7.9,0.4,51,5.9
VENGERO,55.6667,76.7167,2022/05/21,29.1,4.7,0.3,85,4.1
VENGERO,55.6667,76.7167,2022/05/22,30.2,14.2,0.3,51,4.1
VENGERO,55.6667,76.7167,2022/05/23,20.1,5.3,0.3,74,6
VENGERO,55.6667,76.7167,2022/05/24,27.1,11.1,0,38,2.6
VENGERO,55.6667,76.7167,2022/05/25,28.8,9.7,0,64,1.9
VENGERO,55.6667,76.7167,2022/05/26,28.2,12.6,0,56,2.6
VENGERO,55.6667,76.7167,2022/05/27,26.7,12.8,0,51,4.4
VENGERO,55.6667,76.7167,2022/05/28,21.8,11.8,0,57,3.5
VENGERO,55.6667,76.7167,2022/05/29,24.8,10.8,2,58,2.5
VENGERO,55.6667,76.7167,2022/05/30,23.2,12.4,0,50,5.4
VENGERO,55.6667,76.7167,2022/05/31,17.7,12.4,5.5,57,1.8
VENGERO,55.6667,76.7167,2022/06/01,13.9,6.7,6,86,3.4
VENGERO,55.6667,76.7167,2022/06/02,15.1,5.6,0,64,3.5
VENGERO,55.6667,76.7167,2022/06/03,12.4,3.8,0,57,3
VENGERO,55.6667,76.7167,2022/06/04,12.7,1.9,0,57,3.4
VENGERO,55.6667,76.7167,2022/06/05,11.6,2.3,0,59,2.5
VENGERO,55.6667,76.7167,2022/06/06,18.3,-2.5,0,78,1.3
VENGERO,55.6667,76.7167,2022/06/07,22.7,7.4,0,60,2
VENGERO,55.6667,76.7167,2022/06/08,19.3,10.4,0,55,3.9
VENGERO,55.6667,76.7167,2022/06/09,19.9,13,0.7,65,6.4
VENGERO,55.6667,76.7167,2022/06/10,24.8,13.9,0,58,3.4
VENGERO,55.6667,76.7167,2022/06/11,30.2,17.5,0,57,4
VENGERO,55.6667,76.7167,2022/06/12,26.8,9.4,2,61,4.1
VENGERO,55.6667,76.7167,2022/06/13,26.4,8.6,0,73,2
VENGERO,55.6667,76.7167,2022/06/14,24.9,11.6,9,77,2.1
VENGERO,55.6667,76.7167,2022/06/15,19.3,13.2,0,86,4
VENGERO,55.6667,76.7167,2022/06/16,20.3,12,0.5,84,2.9
VENGERO,55.6667,76.7167,2022/06/17,17.7,12.6,2,70,3
VENGERO,55.6667,76.7167,2022/06/18,23.4,11.1,0.7,83,2.6
VENGERO,55.6667,76.7167,2022/06/19,24.3,15.2,0.3,77,2.6
VENGERO,55.6667,76.7167,2022/06/20,28.3,9.4,0,77,0.4
VENGERO,55.6667,76.7167,2022/06/21,26.4,14.1,0,69,3.4
VENGERO,55.6667,76.7167,2022/06/22,23.6,11.2,0,68,5.5
VENGERO,55.6667,76.7167,2022/06/23,22.5,13.9,11,75,5
VENGERO,55.6667,76.7167,2022/06/24,28.1,11.9,0,77,3.3
VENGERO,55.6667,76.7167,2022/06/25,25.9,16.4,0,73,2.5
VENGERO,55.6667,76.7167,2022/06/26,25.1,17,2,85,2.4
VENGERO,55.6667,76.7167,2022/06/27,18.7,12.1,2,73,3.4
VENGERO,55.6667,76.7167,2022/06/28,18.1,11.4,0,69,4.9
VENGERO,55.6667,76.7167,2022/06/29,20.9,11.4,7,76,3.3
VENGERO,55.6667,76.7167,2022/06/30,12.8,9.1,12,87,9.3
VENGERO,55.6667,76.7167,2022/07/01,13.8,9.7,0.8,85,5.9
VENGERO,55.6667,76.7167,2022/07/02,21.4,11.6,0.3,90,4
VENGERO,55.6667,76.7167,2022/07/03,20.3,8.1,0,76,1.6
VENGERO,55.6667,76.7167,2022/07/04,23.2,5.8,0,85,1.9
VENGERO,55.6667,76.7167,2022/07/05,21.4,14.7,1.5,76,3.4
VENGERO,55.6667,76.7167,2022/07/06,25.1,13.9,0,86,1.8
VENGERO,55.6667,76.7167,2022/07/07,25.4,13.2,13,93,1.1
VENGERO,55.6667,76.7167,2022/07/08,26.6,14.7,0,67,2.9
VENGERO,55.6667,76.7167,2022/07/09,27.9,16.1,0,62,2.6
VENGERO,55.6667,76.7167,2022/07/10,30,16.2,0,66,1.9
VENGERO,55.6667,76.7167,2022/07/11,29.1,19.5,0,67,3
VENGERO,55.6667,76.7167,2022/07/12,27.9,15.1,0,60,2.5
VENGERO,55.6667,76.7167,2022/07/13,21.8,11.7,2,60,1.5
VENGERO,55.6667,76.7167,2022/07/14,23.3,8.9,0,90,2
VENGERO,55.6667,76.7167,2022/07/15,20.6,14.9,12,96,2.6
VENGERO,55.6667,76.7167,2022/07/16,24.8,9.4,0,88,1
VENGERO,55.6667,76.7167,2022/07/17,23.6,10.9,0,84,3.1

VENGERO,55.6667,76.7167,2022/01,-10.8,-20.1,12,79.2,3.4
VENGERO,55.6667,76.7167,2022/02,-8.2,-17.3,12.7,76.6,3.3
VENGERO,55.6667,76.7167,2022/03,-4.2,-15.1,9.5,69.8,4.3
VENGERO,55.6667,76.7167,2022/04,12.7,-0.5,16.1,57,3.2