ZDVINSK,54.7333,78.6833,2022/05/01,14.5,5.4,0,59,5.6
ZDVINSK,54.7333,78.6833,2022/05/02,14.2,5.1,0,58,4.3
ZDVINSK,54.7333,78.6833,2022/05/03,11.6,1.6,0,56,3.8
ZDVINSK,54.7333,78.6833,2022/05/04,16.6,-0.5,0,45,0.6
ZDVINSK,54.7333,78.6833,2022/05/05,18.6,-1.3,0,59,1.1
ZDVINSK,54.7333,78.6833,2022/05/06,23.5,10.6,0,28,3.9
ZDVINSK,54.7333,78.6833,2022/05/07,9.2,2.8,0,40,7.4
ZDVINSK,54.7333,78.6833,2022/05/08,13.3,-5,0,54,3.1
ZDVINSK,54.7333,78.6833,2022/05/09,19.3,0.8,0,61,1.8
ZDVINSK,54.7333,78.6833,2022/05/10,19.1,1.8,0,54,3.3
ZDVINSK,54.7333,78.6833,2022/05/11,20,4.4,0,27,3.5
ZDVINSK,54.7333,78.6833,2022/05/12,23.9,2.7,0,36,1.1
ZDVINSK,54.7333,78.6833,2022/05/13,25.4,3.1,0,50,0.8
ZDVINSK,54.7333,78.6833,2022/05/14,26.4,8.2,0,43,2.3
ZDVINSK,54.7333,78.6833,2022/05/15,25.4,9.7,0,58,2.5
ZDVINSK,54.7333,78.6833,2022/05/16,27.3,10.8,0,47,3.4
ZDVINSK,54.7333,78.6833,2022/05/17,29.1,14.2,4,79,4.3
ZDVINSK,54.7333,78.6833,2022/05/18,23.3,13.7,0,53,2.4
ZDVINSK,54.7333,78.6833,2022/05/19,23.7,13.1,4,68,3.4
ZDVINSK,54.7333,78.6833,2022/05/20,21.4,10.8,0,44,4.6
ZDVINSK,54.7333,78.6833,2022/05/21,30,7.3,0,59,2.6
ZDVINSK,54.7333,78.6833,2022/05/22,30.4,17.8,0,32,4.5
ZDVINSK,54.7333,78.6833,2022/05/23,20.8,8.1,0,49,4.4
ZDVINSK,54.7333,78.6833,2022/05/24,27.2,11.5,0,38,2.4
ZDVINSK,54.7333,78.6833,2022/05/25,28.4,9.1,0,65,2.4
ZDVINSK,54.7333,78.6833,2022/05/26,28.2,12.8,0,58,3.4
ZDVINSK,54.7333,78.6833,2022/05/27,27,12.1,0,54,3.9
ZDVINSK,54.7333,78.6833,2022/05/28,24.5,11.8,0,43,2.8
ZDVINSK,54.7333,78.6833,2022/05/29,25.1,10.6,0,63,2.1
ZDVINSK,54.7333,78.6833,2022/05/30,25.8,15,0,50,4.1
ZDVINSK,54.7333,78.6833,2022/05/31,25.5,8.3,0.4,63,2
ZDVINSK,54.7333,78.6833,2022/06/01,15.4,9.3,13,87,3
ZDVINSK,54.7333,78.6833,2022/06/02,14.3,6.7,5,76,4
ZDVINSK,54.7333,78.6833,2022/06/03,10.7,6,0,72,1.8
ZDVINSK,54.7333,78.6833,2022/06/04,12.6,-1.8,0,64,2.1
ZDVINSK,54.7333,78.6833,2022/06/05,14.1,-0.7,0,76,1.8
ZDVINSK,54.7333,78.6833,2022/06/06,17.3,-1.8,0,70,1.3
ZDVINSK,54.7333,78.6833,2022/06/07,22.7,6.2,0,59,2.1
ZDVINSK,54.7333,78.6833,2022/06/08,21,7.8,0,74,3.4
ZDVINSK,54.7333,78.6833,2022/06/09,19.1,14.3,0,53,4.9
ZDVINSK,54.7333,78.6833,2022/06/10,28.9,16.4,0,41,3
ZDVINSK,54.7333,78.6833,2022/06/11,31.4,16.1,5,59,3.3
ZDVINSK,54.7333,78.6833,2022/06/12,28.5,13.9,0.7,52,3.1
ZDVINSK,54.7333,78.6833,2022/06/13,30.9,12.8,0,59,1.5
ZDVINSK,54.7333,78.6833,2022/06/14,26.5,16.5,0,49,2.4
ZDVINSK,54.7333,78.6833,2022/06/15,21.4,12.4,0,77,3.1
ZDVINSK,54.7333,78.6833,2022/06/16,23.9,10.3,0,77,2.8
ZDVINSK,54.7333,78.6833,2022/06/17,18.4,14.4,0.7,64,2.6
ZDVINSK,54.7333,78.6833,2022/06/18,22.7,10.7,2,81,2.4
ZDVINSK,54.7333,78.6833,2022/06/19,23.9,13.2,4.8,81,2.1
ZDVINSK,54.7333,78.6833,2022/06/20,28,10.2,0,79,0.4
ZDVINSK,54.7333,78.6833,2022/06/21,27.2,13.9,0,70,2.6
ZDVINSK,54.7333,78.6833,2022/06/22,27,15.9,1,75,3.6
ZDVINSK,54.7333,78.6833,2022/06/23,26.2,13.4,0,64,3.8
ZDVINSK,54.7333,78.6833,2022/06/24,28.1,14.4,0,73,3.1
ZDVINSK,54.7333,78.6833,2022/06/25,29.9,15,0,67,2.6
ZDVINSK,54.7333,78.6833,2022/06/26,27.4,18.8,15,56,3.9
ZDVINSK,54.7333,78.6833,2022/06/27,22.6,14.2,0,72,2.4
ZDVINSK,54.7333,78.6833,2022/06/28,17.9,12.5,0,66,4.1
ZDVINSK,54.7333,78.6833,2022/06/29,28.7,11.4,0.9,73,3.1
ZDVINSK,54.7333,78.6833,2022/06/30,15.7,9.2,1,72,6.1
ZDVINSK,54.7333,78.6833,2022/07/01,14.6,11.8,0,66,4.3
ZDVINSK,54.7333,78.6833,2022/07/02,22.2,12.1,0,85,3.4
ZDVINSK,54.7333,78.6833,2022/07/03,22.5,11.6,0,75,1.5
ZDVINSK,54.7333,78.6833,2022/07/04,24.6,8.7,0,72,1.6
ZDVINSK,54.7333,78.6833,2022/07/05,24.1,17.3,12,54,3.5
ZDVINSK,54.7333,78.6833,2022/07/06,23.6,13.5,15,92,1.4
ZDVINSK,54.7333,78.6833,2022/07/07,25.8,13.6,9,87,1.1
ZDVINSK,54.7333,78.6833,2022/07/08,25.7,13.3,0.8,89,3
ZDVINSK,54.7333,78.6833,2022/07/09,27.3,12.3,0,70,2.4
ZDVINSK,54.7333,78.6833,2022/07/10,29.1,12.5,0,73,2
ZDVINSK,54.7333,78.6833,2022/07/11,29.9,16.9,0,78,2.5
ZDVINSK,54.7333,78.6833,2022/07/12,27.3,12.9,0,62,3
ZDVINSK,54.7333,78.6833,2022/07/13,21.8,11.2,0,61,2.4
ZDVINSK,54.7333,78.6833,2022/07/14,24.6,7.6,0,81,1.1
ZDVINSK,54.7333,78.6833,2022/07/15,18.9,13.3,21,80,3.4
ZDVINSK,54.7333,78.6833,2022/07/16,24.6,8.7,0,87,0.6
ZDVINSK,54.7333,78.6833,2022/07/17,22.9,11.2,0,82,2.3

ZDVINSK,54.7333,78.6833,2022/01,-10.4,-18.7,7.3,79.8,2.6
ZDVINSK,54.7333,78.6833,2022/02,-7.4,-17.2,16.6,76.3,2.8
ZDVINSK,54.7333,78.6833,2022/03,-4,-13.5,12.1,70.4,3.8
ZDVINSK,54.7333,78.6833,2022/04,13.2,0.1,5.2,53,2.8