NOVOSIB
05/22    06/22    07/22    08/22
 3.47    18.12    10.04    
19.56    17.68    16.98    
21.74    27.61    20.78    
26.65    22.55    24.06    
22.81    17.53    18.09    
24.69    23.99    17.05    
23.66    26.54    17.53    
22.88    26.24    27.90    
25.02    23.11    29.82    
27.68    27.24    28.94    
27.98    26.50    28.83    
22.48    28.34    25.76    
27.09    23.95    21.92    
24.03    19.05    25.02    
13.29    21.70    20.60    
27.24    16.76    23.29    
26.35    12.00    23.30        
18.60    15.98        
15.50    22.11        
23.40    21.85        
25.95    29.53        
18.82    24.25        
28.72    23.99        
29.82    24.69        
21.37    23.33        
28.57    23.25        
29.42    15.61        
25.39    16.24        
 9.67    28.83        
28.12    29.49        
15.94            
            
2022            
 3.10            
 6.66            
12.90            
17.74            
