VENGERO
05/22    06/22    07/22    08/22
 9.30     6.93     5.39    
14.30    12.31     9.24    
15.50    13.85    14.62    
16.27    10.01    17.70    
14.34    12.31     5.39    
14.34    19.24     9.24    
14.34    13.85    11.54    
 6.97    11.54    17.70    
15.11     6.16    17.70    
15.11     7.70    17.70    
16.66    21.55    26.57    
16.66    16.16    15.39    
11.24    15.39     8.47    
13.95    11.54    14.62    
14.24    11.54     6.16    
12.79    11.54    13.08    
14.34     6.16    13.85        
13.17     9.24        
12.79    10.01        
13.56    16.16        
13.56    11.54        
15.50    16.16        
15.50    13.08        
17.43    16.16        
15.89     9.24        
14.34    13.08        
17.43    13.08        
14.34    10.01        
 9.69    13.08        
16.66    3.85        
 5.04            
            
2022            
 1.94            
 4.29            
 7.65            
10.50            
